2871212 87.89
3013499 11.99
3757917 26.43
3778908 83.80
5263290 44.42
5908351 48.82
5936482 25.99
6300537 40.43
7172410 95.77
7438120 2.53
7631984 88.54
7771670 62.57
8787512 35.75
8871989 48.67
9354979 32.09
9705850 48.12
10101422 3.80
10966117 73.63
11645333 72.41
11707383 15.91
13305880 32.59
13838523 95.72
13934919 34.97
14217457 23.69
14786057 95.33
14792574 7.52
15011305 38.23
15241492 94.38
15393271 54.44
15411224 15.15
15701074 10.76
15822685 56.01
15908653 61.30
15968479 96.17
16340625 85.93
16988645 4.03
17822761 45.81
19702784 64.37
21479269 87.74
21524393 93.94
21938934 74.88
22038213 75.46
23210241 77.67
23641615 59.97
24958011 70.99
25138592 98.71
25346240 9.61
25671516 53.04
25815482 66.67
26823169 44.52
27547726 41.64
28254241 14.39
29502420 94.22
30135443 8.43
30228973 74.58
30282501 10.02
30955485 27.60
32389654 10.26
32789219 74.88
33836817 94.50
34508816 47.61
35402505 2.55
35593207 35.70
36325222 93.45
36405525 3.14
37864997 40.06
38901961 72.26
39543654 47.94
39604289 56.87
39925630 44.85
39983015 5.33
40159548 54.65
40219586 56.83
40627337 42.47
41230846 33.27
41336836 20.58
41617165 42.67
41638045 23.32
42511251 36.92
42578259 19.49
43487149 22.02
44617276 38.68
44667407 55.85
45586719 52.88
46175595 75.37
46782949 64.28
47001877 35.82
47719828 62.52
48725911 40.57
49347927 87.34
49588493 57.54
50154239 41.88
51063849 23.77
51397378 33.39
51480567 87.67
51800285 3.47
51863005 53.87
53249396 3.59
54280002 62.25
54291752 48.28
55369294 40.46
55487726 70.23
57566456 37.81
57600822 15.91
58047884 80.37
59623765 77.92
61362843 6.80
61368611 19.04
61706314 89.31
61928112 6.23
62348745 85.13
64092500 77.40
64297906 6.40
64417188 95.67
64463026 88.33
65018056 98.08
65689464 58.29
65911719 83.20
65925618 9.08
66292872 94.97
66740609 91.16
67643426 89.06
67964827 61.24
69231761 30.39
69468865 11.21
70903342 38.48
71143575 62.32
71800581 62.87
72202411 0.61
72350550 85.87
72541302 22.52
72693803 29.12
73451087 32.18
73496475 72.39
73837952 2.37
74083331 14.43
74442857 24.32
74744949 53.82
75997522 48.75
76328707 86.77
76420248 46.17
77530189 38.28
77579009 79.21
78085530 33.32
78596585 1.29
78694590 86.12
80405293 44.27
80430026 19.58
81951375 8.37
82030824 65.33
82145858 93.24
82180614 18.64
82819051 42.88
83817406 12.44
84071922 43.62
85373434 64.29
86635282 8.47
86763471 97.23
87539773 55.55
87615019 35.25
89167998 57.19
89851949 19.41
90151090 58.82
90191382 35.26
90342527 2.47
91354366 27.91
91874717 38.13
91980870 51.89
93019708 83.74
93258276 13.61
94427015 49.11
94469926 0.88
94940952 79.30
95386937 84.36
95470113 22.69
96252761 68.75
96277128 30.44
96374028 76.97
96571667 11.71
97904557 32.84
98204470 53.33
100369913 38.35
100833803 69.25
102117466 60.48
102233428 41.83
102243366 37.01
102366929 33.95
102636939 41.71
103012540 92.37
103367712 41.00
103395463 51.57
104154937 27.93
104175942 38.28
104396806 62.30
104928415 41.05
105401272 86.68
107276459 39.67
107456820 55.52
107898151 47.28
108222009 51.93
109356561 78.34
109412994 57.13
110045022 20.74
110463149 31.74
110703228 20.81
111170911 56.74
111441309 75.66
111531412 65.92
112213429 80.76
114129922 96.70
114222326 16.03
115003719 18.72
116539784 10.11
116822787 66.90
116824106 51.23
117280484 76.76
117534414 97.97
118470533 63.01
118667167 87.40
119938787 96.10
120613022 90.20
121087755 19.63
121347937 50.95
122329215 37.13
123672886 36.45
124340136 61.60
124584524 79.82
125644797 55.65
125768264 17.87
126384626 12.38
126468643 49.57
126745686 78.12
127108427 64.10
127884350 8.37
128144926 43.75
128153205 95.28
128238546 20.68
129669231 62.98
130130619 98.26
130154771 24.90
130362552 4.63
131664946 83.99
132894529 49.62
133157263 80.06
133487171 44.68
134166056 12.29
134737696 16.73
135392369 9.97
136541368 59.19
136843035 22.47
137068051 9.60
137571999 19.60
137575333 49.46
139105065 69.06
139528828 7.06
140575232 99.11
140667934 24.25
140953759 38.11
140978018 32.72
141462949 55.53
141787005 74.51
142365977 0.68
142950269 26.76
143985517 50.84
144431758 29.83
144484809 26.92
144550767 51.51
144724444 92.91
145055628 78.38
145154146 62.17
145322093 77.99
145737945 14.22
146017591 44.50
146321429 3.27
146931167 86.58
147448758 81.02
147875232 20.32
149152111 9.15
149850664 45.03
150129640 52.89
151314981 50.06
152146069 6.92
152516219 92.49
153172908 30.37
153336438 60.05
153923902 88.65
154292099 49.03
155374542 15.81
155860054 8.24
158371643 26.55
158776902 97.27
159181956 13.64
159360591 40.67
159428214 38.28
159719495 11.02
160454577 75.93
161178781 23.39
161960849 73.33
162931547 94.43
163559766 63.89
163672481 73.94
164298883 75.73
165626981 5.42
166021240 6.14
166341983 88.26
166771942 87.98
167368460 6.84
170291896 72.07
170627687 56.03
170656322 24.96
171086653 46.72
171215784 57.42
172117958 65.36
172402892 34.28
172448497 82.15
173064255 31.34
173203627 62.43
173539507 4.62
174490642 8.78
175172956 24.89
176088475 26.98
176134561 1.00
176824152 62.50
177039872 65.48
177386318 35.29
178708556 95.73
178986664 34.35
179072993 28.43
180386867 51.39
180717747 43.58
180755404 55.57
181343103 59.67
181488238 47.13
182220987 52.74
182592569 30.07
182665176 4.08
183582261 9.22
184640089 32.95
184812388 4.93
185542154 57.73
186532307 1.63
186814279 41.78
187753841 56.31
188491280 10.22
188787106 13.10
188961203 38.47
190425385 6.04
190476374 27.27
191016155 37.59
191088095 93.39
191315600 70.28
191327178 0.26
191671468 11.15
191727891 24.76
192195446 47.73
192195598 94.37
192351766 98.14
192742873 42.22
193446428 27.77
193832122 8.94
194145252 79.58
194918303 57.85
195259992 18.67
195645638 16.96
196393957 72.47
196879409 80.70
196893787 70.21
201197958 71.15
201486027 34.09
201794289 55.49
202970382 77.77
203385611 90.87
203716135 50.14
205003083 35.80
205203908 57.08
206091445 24.43
207538264 77.07
208691137 13.95
209236499 59.41
209333648 55.37
210095934 60.09
210222018 61.50
210789550 3.34
211201887 73.52
211768590 64.38
212181861 11.94
212376005 36.60
212829367 78.53
213060938 43.56
215110177 58.77
215196517 70.58
216211497 82.94
216752774 46.93
217025228 33.29
218122738 10.76
218481587 73.73
218489065 80.24
218734114 13.68
219262674 26.05
219799944 49.07
219821470 8.37
220141900 84.58
221028661 71.51
222939439 82.92
222955264 69.72
223305181 31.45
223397637 74.90
225054884 4.08
225465166 90.41
226215523 72.58
226427896 29.75
226831066 17.76
227309775 14.46
228819497 53.36
228862023 61.71
228879975 54.35
228998973 27.26
230474052 53.62
231186519 63.49
231294196 0.41
231340392 46.61
232372913 59.32
232630143 48.00
235141004 11.35
235421445 72.80
235715596 42.91
236249622 25.90
236341650 56.34
236728483 69.24
237173537 64.66
237178694 86.13
237194514 69.05
237285125 7.83
237999025 98.48
238404883 43.13
238482985 25.32
238494461 81.12
238701618 85.17
239992060 22.93
240157077 93.65
241834612 26.99
242234337 98.33
242317741 56.62
242373703 69.01
244604760 83.49
245840816 50.71
245947711 93.36
246480207 29.25
249414798 99.81
250288462 53.00
251432310 79.08
251808863 47.90
253011570 33.17
253708932 97.68
253728058 4.50
253775279 1.50
253954629 19.53
254351357 85.08
254420466 82.72
254816326 63.51
254817540 16.01
254885664 1.17
256486891 64.47
256611784 94.51
257409035 35.74
258736518 17.90
261102325 43.93
261371628 26.20
262401998 4.82
262832753 51.79
262867788 99.76
263155812 4.98
263507617 61.92
263791950 51.81
263913355 38.17
264655860 50.22
264769358 7.09
265324945 83.82
265530057 69.20
267178618 57.88
267295872 1.19
267569377 98.08
267768351 37.31
268602918 57.71
269285320 63.98
269472630 98.26
270313779 76.35
270440695 12.00
270967548 65.35
271002798 96.38
271662739 82.38
272079571 42.73
272906848 53.78
272940037 8.06
274145169 99.55
274369229 90.81
274403489 84.53
274453880 84.38
275245134 88.87
275340879 51.02
276006717 40.38
276461216 62.38
276588393 79.82
276973419 90.23
276993288 57.54
277286568 33.25
277355191 85.34
277512955 23.40
277584067 1.72
277733704 71.36
277867155 44.46
278536122 9.33
279689918 74.82
281128394 34.97
281420576 75.25
281827335 66.49
282266411 23.93
283962526 82.35
284668232 7.42
286238735 88.04
287343499 66.24
289176652 59.42
289374417 70.98
289874353 68.62
290129800 72.97
290338398 65.89
291196399 54.19
291384377 64.66
291604819 94.18
291911229 34.42
292743530 23.72
293557939 10.01
293796531 10.03
293800828 91.30
294613374 94.22
294810801 77.17
296221136 63.93
296691061 28.32
296922458 85.64
297419712 19.54
299476640 24.98
299625333 5.50
300452661 82.69
300494052 52.54
300589803 2.16
300746961 10.75
301427414 12.12
302614127 53.32
303187293 80.59
303470028 63.58
303538629 33.65
304753024 36.60
304789394 58.02
305065848 8.86
305768616 92.28
306742851 13.44
307713791 23.00
307817592 5.08
308884004 78.16
309218135 65.92
309627745 9.21
309740326 61.41
311384098 83.81
311537952 52.65
312180640 42.46
312934880 40.44
313304832 79.19
313567521 46.48
314234985 38.61
314786134 5.16
314837237 34.38
315285048 19.74
315330131 98.60
316398878 15.13
317181460 53.05
317767378 8.96
317783444 6.06
318062359 77.17
319460610 21.57
319916110 97.16
321172603 26.49
321504060 79.55
323540644 84.43
323564771 9.32
323714447 2.65
324152544 35.08
325087716 37.83
326317858 60.02
326343719 81.82
326355186 56.03
326402586 58.51
328294913 25.87
328968501 63.16
329307729 3.71
329356991 83.57
329722895 59.44
330604090 32.28
331227985 98.10
331286983 76.44
331337181 33.35
331407760 45.88
331781320 50.15
332403133 78.71
332698287 38.55
334320142 34.29
334629993 97.97
334940315 43.57
335009134 16.43
335188651 2.15
335289610 44.81
335308487 2.20
335351428 96.07
335768840 5.98
335853251 26.28
337135043 43.02
337417156 1.99
338658519 32.22
339349677 38.46
339946403 15.88
340245262 75.07
340295934 81.64
341149184 90.32
341706735 20.06
341920735 48.07
342037083 19.96
342498031 4.44
343922830 86.72
344080452 43.32
344661183 56.61
345898238 25.76
346031787 54.20
347291966 74.03
347301936 47.45
347349186 54.95
347549566 33.09
349457582 50.68
350329144 41.68
350454284 85.01
350850504 71.00
351647460 10.63
351826001 60.03
352236489 84.30
353347629 40.35
353912282 24.18
354216661 93.30
354816564 23.68
355558277 45.24
355657627 47.75
356118378 22.44
356505080 33.69
356857159 62.76
357307875 55.00
357389283 61.09
358808354 38.41
359242441 31.09
359707900 79.34
360375404 78.75
360820793 77.62
361073099 95.05
361850540 85.10
361950432 12.59
363135819 40.98
363307598 1.04
363505100 10.19
364424624 32.63
364889039 52.27
364899894 52.12
364964946 5.29
365196192 32.05
365237237 65.20
366040516 63.43
366883520 90.42
367089574 13.26
367630198 27.54
367747866 51.83
368210628 67.28
368734972 1.96
368868525 97.25
368878951 16.02
369360748 7.45
370090847 12.04
370140590 18.05
370333283 57.62
370563353 49.58
371092972 69.03
371273124 79.20
371605321 19.58
371632244 68.19
372631938 47.01
372792940 32.20
372895196 61.65
373331982 75.26
375739566 9.69
376135185 1.13
376756648 89.67
376763071 18.80
377416719 40.29
377419684 67.84
377591836 97.06
377664564 92.02
378453787 46.34
380875277 77.71
381268371 76.88
381514828 31.93
381657099 3.38
381927100 62.04
381978600 67.04
382267735 13.55
382649143 62.22
383937768 1.27
384332275 46.88
385335282 78.08
385497248 15.24
386036261 99.79
387227404 60.05
387459332 41.59
387512320 19.23
387610667 78.57
388068206 96.90
388242920 57.93
389000154 57.49
389963640 57.75
390295384 83.37
392010877 81.30
392075085 19.86
392137797 25.70
392287379 15.02
392869114 55.07
393190459 99.81
393269236 29.25
393355392 68.17
393484465 15.29
393833579 95.86
394252710 49.14
394787594 57.14
395033874 48.28
395053151 49.19
395678995 52.40
397405226 85.99
398423572 21.97
399523961 93.92
399613863 2.11
399700688 27.87
399870674 38.42
400259971 75.80
400985376 90.85
401137011 48.83
401210671 33.04
401931881 15.39
402299038 98.49
402674642 37.84
403040220 38.41
404833190 80.21
404875986 19.45
407254006 47.92
407642230 46.19
408004614 0.14
409421669 32.82
409984317 36.30
410078238 17.82
410590957 54.27
410864812 75.66
412007183 41.40
414109517 12.31
414122958 41.18
414463029 85.69
418925300 96.21
418927886 25.23
419066527 81.63
420227392 33.95
423989160 87.61
424934037 9.71
425814110 23.53
427325811 72.96
427967591 55.21
430738969 53.33
434662533 60.71
434663009 62.03
436276344 1.37
438485968 87.06
439377703 33.22
439399403 52.22
439419683 75.35
441096419 20.76
441638198 71.41
442938666 63.47
443742364 67.51
444362196 49.40
445490705 28.80
445794675 93.76
445858183 46.85
445859119 60.37
449539724 85.09
450639160 1.85
451069561 52.04
453494035 4.29
453701248 56.73
454482235 23.00
455214603 93.94
457401759 82.87
457535978 33.73
459841227 76.70
461659497 68.55
463046909 38.69
464865536 31.53
464923065 30.56
465200857 59.06
465934267 58.94
466225823 2.92
467642949 68.57
468522655 0.70
469115363 51.91
470707497 75.65
473803695 61.76
475271909 87.57
476582143 51.25
476904211 10.60
477607638 4.14
477662870 9.91
482007826 24.85
482014788 28.19
482410801 23.69
482437944 47.70
482760140 20.01
484365148 76.93
485142891 24.12
486884227 55.06
486939495 47.82
487737448 53.24
488192610 21.17
488218470 11.37
489647147 17.12
489710872 77.87
489798036 94.88
490354394 38.06
490379579 81.01
490491939 89.74
491323725 7.47
491367943 26.73
491704442 4.25
491924844 31.92
492447677 91.88
492590136 39.54
493454119 43.53
493647387 23.35
496000824 23.48
499971551 79.80
502860372 86.46
502871700 83.42
503819306 32.08
503888371 86.63
504490776 12.63
505292639 8.22
507403148 35.86
509401695 83.10
513570215 35.99
513987790 56.83
515061750 85.80
516172272 26.58
517420500 41.84
522232729 84.01
522768319 49.43
524426555 99.84
524725013 62.96
525390170 17.60
526072673 77.99
526612400 49.00
528154819 72.69
528498854 25.73
528592763 11.36
528755157 98.00
529507288 36.35
531562943 88.68
532354273 2.96
532412793 59.36
532665356 49.83
532699843 43.45
532950572 93.54
535289613 57.95
539617782 81.80
540615876 48.62
540910160 87.56
541946270 3.50
542193101 16.73
542360614 90.17
542490557 73.71
542917796 86.56
545662805 83.32
545684941 80.84
547014831 91.97
548053169 67.87
548082406 30.46
548145332 3.28
549011804 97.03
549277982 60.55
549475330 65.97
549875274 44.64
551104657 80.75
551949994 51.52
553084209 38.34
553226314 89.22
556530808 47.58
558634118 39.29
560246096 44.11
562536915 36.98
564559875 40.66
564630371 3.38
564933842 64.94
564992330 43.10
566005286 66.26
567744803 77.87
567856630 5.29
568312996 29.50
571106130 58.54
571572482 93.30
572695453 1.04
574509129 15.78
575711745 58.67
579006234 76.68
579572124 63.10
580149220 5.47
580940435 91.70
583687870 89.81
583901499 79.37
585096017 54.93
587138073 23.33
587208039 8.95
588926748 20.00
589188047 69.99
594262739 32.10
594291032 0.14
594431183 42.24
595640056 99.12
596587704 6.72
597145951 34.13
598621837 56.51
599798988 96.85
600085386 35.77
600273659 42.41
600329851 95.38
600409505 6.69
604578582 11.04
607599626 0.84
608901878 29.78
609525622 1.51
609577275 21.22
610838250 24.77
611349752 20.03
611752823 53.59
613218716 52.46
613276124 15.02
613760622 48.00
614678614 8.15
616365376 23.38
616709358 68.71
616790295 13.83
617028012 37.08
617791581 60.09
617957136 52.47
618459262 23.41
618704299 19.06
621405331 1.43
622019382 70.65
622914025 64.37
627320169 46.47
627394809 54.80
629396540 36.92
631504222 30.67
631913317 17.91
633046218 60.75
633988792 17.64
635108012 94.81
635467154 81.34
636729931 47.03
637672287 64.66
638499195 36.93
638691354 63.59
638992962 47.21
640738425 3.04
642464113 74.62
644731732 79.96
647678928 72.87
648102938 87.69
648382828 27.05
649293265 18.35
651206208 1.31
651497885 81.76
651678292 13.31
651837845 49.55
651937415 42.98
652360979 35.05
655036343 96.66
658495671 68.93
659200554 35.92
659460841 99.07
662642563 3.86
662774846 71.20
663188719 96.90
663970760 8.95
663994291 64.12
664834295 81.11
665185038 84.18
665976535 29.68
666292115 87.34
666465386 7.84
666882931 50.11
666903288 51.10
668341180 58.37
669737824 14.28
670428266 82.40
670466739 39.51
671166059 69.56
673363032 1.68
675000744 83.41
675007200 43.33
675121091 67.23
676246618 61.89
676987218 85.07
677420986 63.42
678460740 26.44
678476768 52.40
681460575 19.61
681642306 12.31
682958929 38.75
683583263 8.25
683751304 86.18
685145634 28.11
685446773 86.90
686318664 51.98
686333582 20.24
687000133 64.46
687730146 30.55
688544080 99.11
688588219 4.37
689308379 13.22
691220731 66.81
693084799 28.52
693221109 13.75
693784580 38.84
693828436 80.29
694123510 94.53
694313467 31.05
695919762 57.59
696769843 15.97
698107167 95.95
700486970 93.23
700581433 89.64
701085687 13.54
702742808 65.90
703079760 79.13
703109722 92.47
704142015 85.22
707082741 65.23
707473034 0.33
707506336 31.00
714679832 61.40
715308954 13.59
715531969 8.17
716204371 93.49
716837065 91.72
717403386 16.31
717740070 86.78
718900940 79.45
720935163 55.54
721062399 73.59
721580202 77.92
721926238 39.03
723700609 98.89
724150430 68.48
724209358 97.44
726489796 55.64
726761991 96.35
727053656 23.49
727375632 56.87
727933938 63.94
728419001 92.94
728893985 7.94
732491544 27.91
735072511 22.20
736225990 9.50
740407324 11.37
740980440 35.14
741020072 85.38
741249442 28.34
742499666 11.32
743762542 52.41
744989297 0.56
745125400 95.30
747310430 67.41
748489171 39.05
749428849 28.75
750106822 68.51
752495647 93.33
752503654 29.82
752617166 55.19
754520107 2.01
756137657 92.87
756583680 32.60
759050833 44.38
759481598 8.52
760409097 73.69
761053180 21.15
765331177 73.43
766979068 39.69
768362655 5.61
768762827 4.24
769388763 85.41
771523129 59.04
771747598 27.40
771786949 13.50
773076553 93.08
773499697 95.75
775495519 15.77
776594686 21.70
779964046 72.21
780470123 87.72
782724064 31.60
785029059 84.79
785944257 20.89
786077344 16.51
787471153 93.97
787570610 31.96
789297888 34.84
789440930 67.31
790574460 26.18
790643419 65.31
790871026 0.86
793361268 44.40
793503231 29.34
793968965 33.31
795694532 68.42
796815268 39.71
796819509 24.58
796880852 42.59
797624431 46.30
798759266 36.52
803864961 36.37
804461962 48.56
805455429 55.49
806124117 28.83
808555189 6.94
809767176 33.80
811341157 82.83
812120310 8.72
815477270 91.23
816094086 74.00
816299209 60.14
816992596 94.41
818992255 35.49
820721432 3.30
821387569 66.54
821582349 4.67
823139019 57.46
824090532 92.08
824197575 72.62
826368970 10.28
826783688 55.13
826907064 22.98
827134212 14.40
827138084 81.44
827310785 2.04
828866022 46.99
829176620 43.44
830397716 19.93
830935729 82.49
831653175 49.36
833718811 8.36
833844932 28.36
833943307 78.14
834964745 71.04
837953646 86.83
838268305 52.02
838568301 6.80
838807546 41.01
839162381 50.05
839299607 87.40
841613100 99.45
842293725 24.38
842502312 5.00
842721415 73.27
844586020 88.57
846725154 56.43
847596995 18.01
850511897 58.34
850636211 75.85
852710294 22.14
852939541 92.49
853818031 51.50
853845904 66.61
855475844 8.30
855937404 88.09
857687560 96.43
858225023 56.96
860015476 82.09
861045993 82.52
861349826 85.42
862451002 43.98
864874814 33.89
866297328 60.70
868745193 1.85
874404563 13.07
876218646 32.30
876418630 70.24
877295377 83.24
877829982 99.71
879867440 82.25
880131502 9.65
881886812 87.24
882728346 51.33
883710031 57.52
883991618 11.67
886489265 50.03
887321761 97.46
887489676 35.04
889038433 86.39
889945438 24.98
892335550 92.36
894035415 92.33
895821579 65.23
896430347 57.11
898226946 40.46
899341571 35.98
899994469 20.49
901759933 44.39
902405544 2.81
903000354 37.16
903788399 41.49
904404150 29.71
905981157 58.56
906374495 66.81
906387797 33.95
906619516 73.34
909590705 69.76
911578721 35.36
911659838 69.55
911925898 64.34
912073541 86.88
912351172 56.11
913818555 15.75
914017296 42.68
915602007 82.81
916456238 31.69
916738718 72.35
918368899 18.91
921251326 85.99
923874432 82.01
924587448 62.31
925611485 69.14
927550575 78.39
927768086 79.22
930745319 90.72
930848593 15.43
933108515 85.98
933467733 45.83
933924219 1.97
934052676 33.49
934425211 81.53
935082990 15.71
935563512 2.37
935654390 67.83
936783239 91.03
937282658 96.48
937989800 33.60
938062328 14.56
940336341 23.01
940838291 13.63
942845902 10.88
944215491 69.41
944728014 64.14
946369747 55.34
948478875 78.31
948874028 33.61
950764922 41.14
951216492 1.63
952566925 74.77
952829698 59.94
954714124 27.18
955309812 26.99
957016831 36.21
958085696 48.53
959459360 55.84
960100482 48.03
961253920 44.46
961938362 29.05
962528815 82.41
964683499 38.77
964698906 56.79
965704125 58.83
965731449 67.04
965835068 12.37
966921652 57.02
967311455 37.82
967649910 60.26
968815038 94.99
969374881 62.12
969675646 26.26
969871201 18.64
970334225 16.44
971286559 36.53
971676089 34.22
975245423 78.44
976269493 31.58
976850873 85.83
977476354 95.15
978276715 49.60
978742441 9.01
979232242 17.20
979432161 30.59
980103992 84.41
980702643 75.63
981154753 93.92
981674652 72.97
981916728 13.35
983142297 30.48
985432639 53.96
985436207 27.72
985719546 40.51
986592957 71.99
987016070 64.49
987488593 59.22
988326649 12.32
989236722 89.67
992738269 9.27
993047796 39.22
994381126 11.15
997432475 62.30
998062650 92.20
998736619 79.68
999892103 47.33
1000258175 58.96
1001450605 40.83
1001964644 29.68
1002880810 94.01
1005637665 11.52
1006965257 34.26
1008376175 21.35
1008826988 16.38
1009041173 16.39
1009399057 7.33
1009451091 25.24
1009849215 16.51
1010611734 66.02
1012707549 9.55
1013124869 36.07
1016633625 72.30
1017069806 3.56
1018997500 50.62
1019002536 51.14
1021900461 3.55
1023545797 50.96
1023751255 4.08
1024439941 77.75
1024451633 52.19
1026870546 67.17
1027340377 17.46
1028256434 62.16
1029266434 70.40
1030158050 16.23
1030681480 50.45
1030927016 13.03
1030943135 33.36
1031443127 42.92
1032527396 41.99
1036093071 18.08
1038345157 55.64
1038959303 91.51
1044886581 27.35
1045088907 85.23
1045940336 38.44
1046417476 12.36
1047120527 75.11
1048080270 25.83
1048895360 46.84
1049183965 16.25
1049666774 79.00
1049886352 16.99
1051034430 58.22
1051489641 25.11
1051748225 65.05
1051881980 31.43
1052136555 78.74
1052805189 12.77
1053538915 22.77
1054378789 27.13
1054427032 91.67
1055319063 86.55
1055820970 50.16
1058150093 96.31
1058558213 15.30
1060442825 7.09
1060803645 15.08
1061374184 58.93
1061632517 13.30
1062865983 79.22
1063526605 36.41
1063707670 94.49
1063794728 96.08
1064818948 59.72
1064839981 76.03
1067203722 32.97
1068476703 84.94
1069868921 63.03
1070340853 64.86
1070538519 16.54
1072047388 91.73
1072643116 50.81
1072865233 82.06
1075292627 98.71
1077784265 67.97
1079742987 27.46
1079923374 34.08
1080475648 42.91
1080633639 53.81
1082526489 6.26
1083741393 93.31
1083843373 35.44
1088432142 28.35
1088520596 55.66
1089165961 68.86
1091375513 53.51
1092043756 72.17
1092190916 16.90
1092393828 63.80
1092702222 70.44
1093473140 39.88
1094326595 66.44
1095204721 47.97
1096195828 9.70
1097418058 77.57
1101416980 31.07
1101755507 91.02
1103023410 83.53
1103148190 21.66
1104293168 45.89
1106369639 43.34
1106662857 83.19
1107254837 15.91
1109966200 29.45
1110204886 12.53
1111764610 51.10
1112060106 90.88
1112254421 76.46
1115710127 99.19
1117539923 65.86
1120892196 40.75
1122786311 1.75
1123545021 72.63
1124075196 39.00
1124137169 41.11
1126574506 77.77
1126679833 50.19
1128555166 20.45
1129677094 31.18
1129872676 61.45
1129940388 80.82
1130302837 74.84
1130462411 40.55
1131123385 58.38
1131409430 68.59
1133236259 71.57
1134944494 53.91
1135929385 92.52
1136511929 16.72
1136873162 37.62
1136875579 62.81
1139587887 2.50
1141427790 52.66
1143082943 43.26
1144990479 71.73
1146964688 31.31
1147239002 12.35
1147833347 94.15
1148348787 49.07
1149882247 33.63
1150818289 57.28
1151556070 91.13
1153684319 80.57
1154074994 18.41
1156808262 5.30
1157332932 46.32
1157682337 35.26
1158624888 26.54
1159866254 45.46
1160988661 61.72
1163911212 69.48
1164741903 87.03
1165526354 47.78
1165920837 96.18
1167429697 58.74
1167853672 91.11
1168492203 13.93
1169490091 94.80
1172009851 28.60
1174515763 29.04
1175205704 30.56
1175511871 45.31
1176667621 83.11
1177206208 54.32
1177344067 79.98
1180365341 62.35
1181187307 32.68
1181248256 31.11
1182104024 3.58
1184200490 60.68
1186323981 73.06
1186411792 31.36
1186780414 21.49
1188503038 63.06
1189200563 70.99
1189426439 13.84
1189521830 42.74
1191258045 87.21
1193271860 27.21
1194080503 0.93
1194470028 58.27
1197361090 46.27
1197975819 66.95
1198713753 15.51
1199461694 40.56
1200677705 81.10
1200985554 53.12
1201405565 92.48
1205705934 70.33
1212873548 12.99
1213077983 66.97
1213139663 88.10
1213372597 32.54
1214757952 46.22
1214813500 98.58
1218627767 59.17
1219062606 40.49
1219200054 89.38
1219407372 52.70
1220514871 81.40
1220715895 48.61
1221266468 70.37
1223598223 76.76
1231049039 6.62
1231633950 16.04
1231709422 95.08
1232812411 28.08
1233673882 3.76
1235089337 24.44
1236530778 12.14
1237554516 66.04
1240640801 10.71
1242332217 23.72
1247048618 90.40
1248260617 97.63
1248407216 55.09
1248850595 54.21
1248856339 48.29
1250108693 20.37
1250374986 11.94
1251437515 32.74
1252560392 78.37
1252712869 14.82
1253324506 99.53
1253766947 12.52
1254065625 51.04
1254137591 40.19
1254708932 76.18
1254897508 71.56
1256178396 53.02
1257170493 4.05
1257947692 21.16
1259756439 18.87
1259973734 16.58
1260340578 14.72
1264586878 15.74
1265351910 25.16
1265439793 20.97
1265674350 43.02
1266770914 26.27
1269166884 47.71
1271077728 51.74
1275106890 42.04
1275477366 33.95
1278138484 70.34
1279714789 14.05
1280607022 59.07
1281099645 60.80
1281683853 53.48
1281902843 29.84
1283489474 27.90
1284541748 27.32
1287084799 79.49
1287091891 31.93
1288043270 45.17
1288190839 30.53
1288393824 46.54
1288564450 21.89
1290573265 75.42
1293850438 93.31
1293943660 14.85
1296630201 94.85
1296734683 48.12
1297970381 46.28
1299808578 5.49
1301446129 27.95
1302014184 49.45
1302518951 29.73
1303750734 33.84
1303962989 58.75
1304348080 93.71
1304620612 74.01
1306915440 59.51
1308226167 81.70
1314437545 95.13
1314728737 61.63
1315696226 46.10
1316675845 56.14
1317842457 6.75
1318223013 44.26
1319674386 66.73
1320095910 96.00
1320659628 34.38
1321156494 57.12
1323474105 81.43
1325668380 24.22
1325695379 46.15
1326315759 30.40
1326779641 68.73
1327529637 77.63
1327671845 39.72
1329696131 4.22
1331132602 84.02
1331486952 79.11
1331837505 12.41
1332356735 52.63
1334359994 9.24
1338624203 12.36
1339701565 51.94
1344223688 51.63
1344724136 1.11
1345058716 88.77
1345359467 99.93
1346580457 61.00
1348147443 23.91
1348259524 77.58
1348662358 42.08
1350910930 18.13
1352020404 85.08
1352282836 58.38
1353601535 34.61
1355681103 8.38
1358088350 55.21
1359174486 4.50
1360099731 76.36
1360965512 33.74
1361392304 55.77
1362251430 7.30
1362834260 63.05
1364084629 52.65
1364215661 64.42
1365185323 65.00
1365886035 48.49
1365888634 62.42
1367571609 60.09
1367602335 78.91
1369935982 73.74
1370319118 31.85
1371091440 71.57
1372589066 35.75
1372650043 40.14
1373583444 54.45
1374328127 43.91
1375850507 12.87
1376340805 51.85
1380704439 78.25
1384257583 69.17
1384374355 2.74
1385936087 62.34
1387122008 40.11
1387652987 34.76
1390283251 75.84
1391666644 36.18
1392198810 29.92
1393171483 89.27
1393863498 67.97
1395994542 13.06
1396463600 45.24
1398572365 95.27
1400436544 12.75
1400637638 44.86
1401459362 42.25
1401525477 90.30
1403961765 21.53
1404729856 57.08
1405537804 22.15
1405613548 16.23
1407723699 74.81
1408107949 62.90
1408900917 75.84
1408911706 83.07
1409786170 92.26
1412005735 61.82
1413141937 3.73
1413924656 67.24
1413976283 80.66
1415069007 11.58
1415312753 28.86
1415525088 99.37
1415853760 29.47
1416165958 37.92
1416495306 83.34
1418999721 82.99
1419896758 36.29
1422974015 45.00
1423257328 87.97
1424929153 5.14
1426063033 24.98
1426849265 81.93
1427668469 79.39
1427753753 24.80
1428198741 48.55
1428921894 54.44
1428931083 49.67
1429371446 49.67
1430448644 89.30
1430504932 13.46
1431191128 56.36
1433928523 68.14
1434143109 64.22
1434617259 45.31
1435067383 40.11
1435227782 63.57
1436999220 37.65
1438158666 98.64
1438359469 85.91
1440492560 6.76
1442138635 57.90
1442410527 73.40
1445323578 16.16
1445767282 1.56
1445879639 42.55
1447487818 12.97
1448856402 24.68
1450870159 80.15
1451192998 57.94
1453619763 58.56
1455397938 20.23
1455902813 15.60
1458741029 76.38
1461812511 80.84
1462019978 86.59
1462539912 48.09
1463582098 57.35
1463951192 76.52
1463954173 93.19
1465366208 14.47
1467753049 88.41
1469362969 5.17
1470639453 6.35
1471749353 71.12
1474083021 95.42
1475374227 23.14
1475848363 14.78
1477074021 90.14
1479205158 2.21
1479764243 35.81
1481089537 33.69
1483240171 70.08
1483490123 29.78
1484397398 83.74
1485828752 49.35
1486573980 0.49
1487485199 22.53
1487765784 70.54
1489131307 19.98
1489185467 91.18
1490969426 69.73
1492869397 48.65
1494502415 9.80
1494602172 32.32
1495500262 63.33
1495883251 15.15
1497473911 3.71
1502081098 9.88
1502999894 61.84
1503388425 57.60
1504651474 74.80
1505093315 45.79
1505551934 31.71
1508030275 74.18
1508487641 68.39
1508789412 10.95
1509680206 3.24
1510280097 37.73
1511436079 67.77
1512472720 28.88
1515965288 47.95
1516393505 69.73
1517150305 26.91
1518405552 25.50
1523082450 22.97
1523250931 88.17
1523458177 50.45
1524247279 4.77
1524388072 47.81
1525280685 59.43
1525729445 43.22
1526003646 95.88
1526490314 77.23
1528351125 34.95
1529371885 76.39
1532768858 80.28
1535481705 73.23
1535874320 66.87
1535989920 22.40
1536783945 85.33
1538837035 38.11
1542129173 23.55
1542476102 7.64
1543397146 80.96
1543726737 67.39
1544608795 0.16
1545708462 4.62
1545773282 2.02
1546641569 42.82
1546881270 16.95
1547573403 27.91
1549579246 77.40
1549874478 46.70
1550185292 46.27
1553192444 44.10
1554132760 62.46
1556881518 53.65
1561014036 50.40
1561808327 19.95
1562590153 96.95
1563050808 73.39
1563209069 26.72
1564174685 52.55
1566691412 30.04
1568876388 26.37
1570163102 83.65
1570699163 10.04
1571596568 13.10
1572513014 0.56
1575115507 69.67
1575847008 23.92
1577523430 95.35
1579738217 26.45
1581054141 8.43
1582041335 12.25
1584093701 82.35
1584984248 61.35
1586476556 29.27
1586874643 1.95
1587587825 81.87
1588883464 63.90
1592273722 77.74
1593547266 53.12
1593932048 54.45
1594393626 23.03
1595383398 11.31
1595526554 3.76
1595807178 6.50
1596432984 38.57
1598275014 10.09
1599178575 52.07
1599952322 91.54
1600180846 47.28
1600574600 72.65
1602817249 33.62
1603935242 25.37
1604882077 92.06
1604942075 55.92
1606421571 11.00
1607217352 4.85
1608488267 24.20
1609434951 12.32
1610623948 9.88
1610737913 70.96
1610801464 87.53
1611318877 44.56
1611724290 98.06
1612407331 80.11
1613802325 20.52
1613979981 27.97
1614237352 99.00
1615122213 31.98
1615208937 98.19
1616037660 53.98
1616438814 97.35
1618314925 26.07
1618358186 2.34
1623238298 3.85
1624570890 76.59
1624794513 21.26
1625918752 41.76
1628685260 75.45
1628813568 64.54
1630255727 26.50
1630747908 41.29
1631113352 4.96
1632534765 86.70
1632948175 59.52
1633207634 60.71
1633841891 52.35
1634156399 38.97
1635215336 88.80
1635947087 60.55
1636064476 93.31
1639463277 92.69
1639573652 18.94
1640090551 87.99
1643777141 11.66
1644060093 44.89
1644226145 68.06
1648035256 59.73
1648724761 82.73
1651981538 81.37
1652682255 68.74
1654000510 21.89
1654897793 20.41
1656246345 53.88
1661478776 36.78
1662843274 14.47
1663113407 94.84
1664410973 47.76
1671310427 12.16
1671732594 10.44
1673268746 39.44
1673656981 86.48
1673782037 11.93
1675600899 37.69
1675709192 5.73
1678529376 28.27
1678600490 21.78
1679205016 24.25
1679843506 56.20
1682104753 19.50
1682578681 52.58
1684860011 29.22
1685060046 75.20
1687412906 62.47
1687605356 97.50
1687658391 53.48
1689220122 45.01
1689619128 74.02
1689655291 89.43
1690629346 21.52
1690979293 4.40
1693598106 75.91
1694508212 36.04
1695121560 52.05
1695458946 7.66
1696101957 84.08
1697365334 91.77
1697547620 63.32
1699019897 21.07
1699407166 12.49
1700493637 1.70
1700720888 4.33
1702949725 18.93
1703340264 99.25
1704078307 67.44
1704787362 22.47
1708743242 43.50
1709036371 61.59
1709675599 29.20
1709757055 2.65
1710209176 69.71
1710260102 66.06
1710647579 16.04
1710889328 97.53
1712519511 16.70
1715772421 52.18
1716249434 17.68
1716497997 28.15
1718282833 4.09
1718855001 97.50
1719240456 9.94
1719253110 67.72
1721347132 61.74
1721967506 37.57
1724719506 75.23
1724952688 1.03
1725210138 49.59
1725653557 71.51
1726205338 58.30
1726284425 73.92
1726532131 48.40
1727147174 43.06
1727446735 87.39
1727461954 44.72
1728292597 58.44
1729405311 8.66
1730095833 22.38
1730501605 13.01
1730992278 78.24
1731924993 33.00
1732123568 60.31
1733578607 63.87
1734892953 31.39
1736346097 5.83
1736580242 83.04
1737107796 37.94
