5513472 141
5847296 625
5915136 13
6064128 780
6602752 567
6759680 916
8011008 676
8231680 616
8466176 222
10120192 740
10238720 428
10351616 245
10579712 465
10818816 312
10881280 446
12117504 381
12206080 138
12284160 163
13250304 992
13567232 520
13575936 215
13618944 820
14445568 439
14634496 760
15275008 611
15734784 130
16653824 541
16870912 376
16924416 621
18832128 106
19820032 108
19882240 937
23475712 883
23593472 985
25161472 837
25196288 545
25544704 348
26061824 906
26184448 160
26780672 841
28120320 888
28880896 189
29721344 510
30141440 139
31580672 134
32029440 768
33431808 390
33668608 187
33829376 612
35467520 316
35687168 230
36546560 622
36994816 220
37195264 472
37478656 628
37542656 722
38428416 529
38663936 411
38783232 788
39436544 871
40448768 225
41175808 210
41180928 957
41296384 205
41810688 540
42797312 280
43779840 28
44727296 167
46356992 925
47268608 483
48140544 513
48545792 660
49498624 634
49651456 93
49955072 204
50399744 857
52317952 140
52805120 103
53656576 328
54021376 704
54085888 979
54334464 199
54474496 448
54599680 461
54721536 765
54865152 969
55745792 498
56052224 190
56180224 855
58021120 775
59137280 483
59643136 802
60865536 158
61319936 414
61469440 352
61946880 79
61972992 652
62698496 679
63687680 50
65062144 920
68622336 861
69010176 220
70360320 425
71366144 881
71417088 183
71715328 394
72157440 530
72757504 76
73588480 114
73677568 200
75295232 17
75831808 882
76430592 221
76800768 938
76834048 143
77231104 901
77376000 739
77436160 219
77514752 850
77705728 792
77798912 170
78085120 277
78117120 11
78754816 721
79026176 150
79168768 939
79287040 289
80133376 454
80251136 93
80458496 886
80793344 342
81147136 406
81147648 389
81903360 693
82346240 526
82763776 280
82871040 206
83199744 384
83394048 880
83549696 899
83576064 570
83857408 427
83950336 782
84934656 485
85073920 841
85751552 184
86108160 178
86313472 381
86996992 776
88966656 612
89264384 439
89363200 488
89495552 500
90803968 715
90925056 840
90982144 621
91280128 485
92226560 789
92822272 814
92970496 999
92983296 835
93224960 817
93398016 252
93484032 67
93505792 537
93642752 250
94448640 933
95776512 307
95887104 836
96028416 656
96516864 86
96619520 621
96675584 514
97309952 702
97689600 628
98185984 997
98259712 55
98458368 233
98544384 776
99015936 853
99202560 347
99875584 514
100374272 203
101234432 33
101327872 887
101512704 901
101633024 228
102345472 383
102477056 181
102734336 549
103228160 562
103305728 107
103859712 640
104772864 598
104914176 879
105467136 696
106179840 272
106249216 407
106614784 852
108587776 316
108730368 307
109407232 801
109546752 771
110481920 78
112155136 727
112407808 727
112568576 153
113076736 292
113303552 950
113880576 775
113901312 798
114401792 6
114632192 453
114706944 175
115775744 891
117334784 14
117365760 899
117700096 46
117961984 653
118351104 706
119927040 251
120170496 678
120210944 935
120305408 996
120485632 810
121352960 726
122124032 322
122131968 447
122243328 155
122527232 250
124128000 577
125084672 958
125750784 784
126257664 863
126323456 115
126495488 275
129183744 517
130417664 47
130876160 372
131219456 416
132225536 378
132396544 539
132916736 143
133515776 393
134083328 62
134969856 122
135266048 745
135581952 718
135822592 77
136781824 44
137248000 490
137345536 972
137915392 220
137946112 350
139199744 703
140084480 587
140430592 74
140683008 57
140909824 455
141142016 911
141270272 726
142760448 434
143208960 174
144907264 639
145762816 54
145873408 921
146218240 658
146512640 831
146588416 243
146809344 974
147273984 745
150501120 496
151920384 946
153025792 439
153278464 967
153362944 251
153450752 482
153549312 410
155178240 433
155258624 376
155464448 556
155549184 922
156305664 266
156355328 483
157756672 107
158921984 699
160479744 661
160883456 232
161107968 493
161477632 355
162435072 994
162464256 366
162907136 833
163800832 487
164318976 115
164352512 412
164983552 933
164997376 74
165012480 975
165227520 751
166357504 911
166412544 542
166533632 865
168071680 515
168321024 225
169167872 241
169255168 727
169306368 865
169702912 458
171805184 744
172253184 329
172391680 641
172737792 952
172947968 293
174034176 608
174059520 56
174110976 117
174726400 927
175286784 732
175296768 748
175781376 666
176255232 614
177326336 834
178369024 730
178604544 43
179287296 487
179410176 469
179422208 301
181900288 6
182462464 4
182569216 115
182814208 331
182941952 254
183248384 859
183267072 324
183916288 827
183971072 690
184193280 563
184683520 46
185718016 751
185936384 767
186364928 751
186637824 241
187388928 929
188704256 58
189026048 320
189386240 633
190476032 346
191841280 224
192544000 804
192666624 760
192764160 512
193143808 269
193690368 979
193878528 123
194628608 845
194932480 264
194937856 193
195382528 192
195652096 96
195688704 123
195936256 905
195971072 166
196546304 277
196713472 583
197540096 848
198183680 26
198463232 993
198503680 527
198717184 884
200374784 193
200454912 688
201007616 179
201785856 475
202659072 774
203413760 452
204265216 782
204294912 279
204973312 723
206395136 435
207315200 762
208205824 695
208895488 225
209113344 386
209481984 900
209849600 367
210910208 305
211230464 533
211345664 788
211638016 85
212783360 9
213122304 681
214383360 42
215052800 594
215324672 767
215607552 498
215923456 435
216303104 764
217327360 708
217624832 151
218617856 755
218708736 168
219176192 223
219430144 27
219703296 855
220415488 275
220559872 612
221330176 92
221459968 379
221524224 920
222252800 194
222519296 530
222533120 352
223141120 37
223587328 883
225343488 515
226091264 136
226315520 398
226401280 859
227197184 252
228236544 489
228915712 900
230077184 387
230760192 250
231115008 309
231421696 671
231497728 49
231729408 252
233401600 364
233403136 678
233792512 295
234097408 504
235146240 741
235954176 281
236179456 836
237163520 396
237641472 44
238003712 344
238159872 614
238246656 514
238646784 176
239021312 577
239617792 879
240540672 745
240737536 285
240757760 983
241603072 380
241611264 391
241931264 907
243232000 343
243704832 514
243746560 62
243998464 220
244017920 876
244888832 685
246016256 588
246242048 641
246638592 429
248133376 648
248468480 628
248586240 693
248710144 996
248776960 616
248889856 92
249006592 211
249144832 606
249211136 883
250931968 554
251826688 935
252062464 587
253113856 707
253650688 798
253686784 972
254226432 22
254947072 320
255451136 808
256606976 566
257337344 995
257971200 500
259161600 116
259642880 944
260756224 149
260918016 298
260937728 312
261229568 117
262059264 838
262498816 206
263041792 171
263064576 576
263399168 63
265039360 229
265852928 336
266355200 926
266959360 398
268321792 73
268551424 20
268688896 420
269230848 528
269938944 735
270973184 900
271125248 860
271150848 366
273302016 784
273451264 729
273555968 59
273590528 139
273748992 123
275212288 698
277061632 650
278792192 942
279190528 48
280595712 199
281161216 525
281495040 32
282200320 907
282640896 109
283238144 786
283896832 156
284380160 262
285188352 202
285206784 530
285816832 695
285984768 68
286737408 687
286848768 750
287677440 935
287723008 688
287866112 208
288321280 241
289248512 610
289879040 187
290178304 579
292834304 346
292858880 584
293097472 930
293916672 535
293924352 778
294085120 643
294478592 870
295505152 115
295701760 100
295987456 311
296390912 503
296391424 230
296422912 371
297131776 263
297169152 214
297371648 716
297707520 191
299201024 206
299393024 94
300333824 203
301081088 419
301861632 739
301987584 480
302206720 868
302458368 842
302566912 35
303048192 766
303393536 189
303614976 851
304141056 233
304259072 612
304752896 792
304909312 191
306382336 573
308014592 35
309010688 161
309274368 894
309766656 397
310046720 783
310387456 619
310624768 970
312129792 116
313146368 659
314517248 940
314904064 367
315056384 698
315622656 633
315782400 730
318054656 849
318160640 991
318209280 806
318528256 487
318737920 24
318761984 100
319095552 718
319712512 693
319747840 121
320163328 889
321534464 15
321668864 670
322188544 497
322520064 418
323010048 889
323577856 7
324280064 410
325273088 928
325815808 616
326575360 373
327547904 939
328105216 95
328187136 783
328896256 407
328904704 662
329988096 206
332126208 231
332164864 949
334612224 605
335301376 914
335939840 91
336115200 648
336877568 576
336941568 33
337677568 283
338324992 14
338708224 351
338747136 499
338844928 165
339183616 208
339539456 860
339757824 716
340623616 646
341242112 313
341427456 988
341656320 907
342373376 116
342551552 445
342635776 351
343457280 920
343986176 419
344025856 671
344454400 537
345584128 597
345612800 824
345705472 671
345762048 383
346580224 918
346742272 665
346973440 307
347273728 991
347360512 626
349415424 566
349603072 515
350406144 877
350681088 472
350798336 135
351059712 792
351801856 714
351863552 244
351989248 663
352017664 397
352554496 822
352847360 518
353040896 92
353435136 53
353729280 860
353990400 352
354178560 958
354604032 179
354821120 390
355447040 777
355595776 682
355817216 798
356709120 393
358449152 31
358648320 71
358652416 212
360270848 132
361943552 508
361989888 775
362253312 177
364287488 974
364832512 637
364998912 185
365060864 451
365221120 580
366675456 135
367909632 320
368745984 662
369127680 854
369936640 159
370757120 617
370910976 144
371091200 186
371259648 908
371486208 484
371960832 918
373404672 970
373508864 590
373654784 553
373777920 15
373855232 881
374031616 368
374434816 811
377036800 231
378643200 277
382030592 661
382848256 40
383529984 274
383566080 50
383575808 584
383700224 25
384011520 534
384634880 611
384723200 921
385803520 134
385807872 418
386864384 144
386883584 126
387668224 840
388640768 143
389260032 614
389273856 143
389679360 489
390504448 372
391203584 417
391233536 112
391376384 976
391972864 952
392385280 153
393369856 964
393529600 217
393603072 798
393768960 717
394264576 39
395128064 709
395309568 695
396589824 46
398734592 873
400260352 457
400423424 114
400685312 700
401636096 221
401728000 524
401872896 69
401984256 286
402048768 810
402306304 844
402881024 252
403198208 884
403451392 211
404177152 615
405856512 321
406863872 715
407694848 851
407836416 76
408886016 579
409687296 414
409780480 130
410001152 576
410462464 570
410520320 908
410729216 983
410857472 763
411163648 544
411840768 941
412376064 67
413668352 187
413900544 539
416346368 645
418350080 721
418936064 148
419756288 951
419811072 376
420658944 40
422271232 940
424980736 224
425948416 609
426101760 553
427416576 440
427970560 449
428981760 601
431679488 935
431929856 405
432219392 573
433584640 434
435263232 48
436691712 888
437063936 241
438222848 633
438998016 343
439638784 412
439804160 935
440707328 331
441581568 956
441683968 844
442609664 973
446201088 128
446766336 307
447075328 172
447486976 172
447791360 606
447986688 570
448305664 734
451121920 985
451578880 662
451764992 960
452071680 955
452963328 131
455250944 104
461293056 803
462513408 834
463257344 969
463598848 53
463631872 685
463915520 924
465755904 704
466790144 82
467332352 582
467533568 18
467919872 231
468962304 449
468970752 374
469535232 953
469743616 90
471962368 550
472331776 567
473031424 428
474361344 766
477071104 976
477082368 583
477419264 259
477901312 812
478089472 406
479784960 442
481359872 348
482361600 282
483049216 19
485053952 217
485857792 124
489231616 744
489375232 932
490312960 827
490366464 962
490652928 977
492620544 557
493120512 43
494790144 848
496070400 778
499959296 86
500190976 466
501131008 480
501454080 151
501586944 525
501866752 217
505128192 246
505634816 210
506435584 491
506604032 976
507498496 332
507743232 938
509393664 272
510503680 834
511528448 507
512384768 338
512747264 670
514156288 254
514505728 548
515374336 293
516842240 177
516873472 877
517012480 720
517072128 480
517181440 530
517411584 390
520269824 450
520406016 748
523106048 480
523352576 663
524346368 823
525442816 976
525574400 144
525704960 538
525798400 885
527144448 205
528529408 457
532744960 61
534654208 946
534850816 291
535431424 411
538699264 716
538789888 249
539077120 110
540103168 213
541459200 112
544060672 9
544828416 903
545773056 13
548154880 336
550312704 864
550373120 578
551452672 358
553617152 683
554946048 198
556652800 267
556843520 733
557577216 571
560312064 866
562662400 972
563331072 795
563941120 49
564588800 643
564698368 726
565345280 980
565835264 150
566739712 699
566937088 400
567048448 567
568193792 38
568504320 666
569266432 922
569354240 625
569637120 917
570147840 826
570899712 910
571180544 953
571509248 419
572034304 740
572573184 896
573184768 522
574480896 931
575142400 231
577000960 339
577438976 470
579449088 270
579511040 781
581433600 698
582381056 428
582584320 582
582915072 838
584654848 607
584976128 189
585268480 117
586656512 366
586785536 438
590669568 485
590795776 958
590797568 205
593123840 150
593499392 533
594112768 836
597152256 705
598296832 186
598566656 266
598934272 749
599131392 281
599397120 374
603128576 534
604547584 646
605135360 815
605309440 625
607886080 887
608360704 302
608752384 840
609202944 644
609425152 646
610778880 936
611407104 679
611876352 386
611996928 498
613478400 129
614179072 59
614528512 111
614580736 545
616301312 636
618415616 980
618946816 900
619730944 575
620075520 411
620651264 164
621772800 350
623261440 904
624818176 991
625179392 852
627792128 602
627817984 76
628673536 67
628771584 414
629286400 43
633385728 419
634411520 459
636332800 102
637655808 999
638402816 924
639638784 472
640767744 470
641201920 847
642832640 878
644220416 253
644374016 614
645606656 836
645684224 583
647956992 871
648282624 511
648687104 1
650853888 57
653896704 270
655164160 914
656997632 339
656997888 827
657020672 501
657548800 310
657711616 932
657822720 141
658311936 605
659449600 472
660199680 726
660910080 413
661215232 399
666114048 345
666465536 463
666492160 788
666827264 827
668112640 945
668452608 673
669094144 794
671127040 147
672456704 736
672521984 101
673607680 667
674830336 466
674919936 439
675918592 742
677448704 871
677485568 491
678071040 245
681390592 201
681590272 668
682207744 812
682492672 605
682594560 927
682762496 945
683849472 582
686056960 399
686955008 761
687331584 370
688280832 592
688585984 90
688638464 272
689197312 459
689789696 587
689867776 641
692282880 696
694660864 961
695785728 406
696117504 609
697685248 4
698529024 986
700240896 20
701231616 303
701899776 699
702472704 517
702754048 267
704471040 647
704764160 825
705267968 173
707331328 199
707696384 520
709265664 718
709478400 549
711215616 51
711842304 839
712286976 549
712588032 486
714177024 406
714437888 817
715008256 241
716283136 335
716498688 891
717334016 759
717999104 171
719056384 251
719932416 462
721930240 321
723439872 755
723561984 476
724189440 830
724793088 703
726257408 338
727285248 828
728083456 138
728257536 139
730448640 999
730705408 780
731063808 43
731752960 892
732462592 527
736092672 530
737531648 168
742358272 853
743223552 650
744836352 787
746879232 106
750362368 245
750942720 725
752651264 778
756563456 49
757321472 136
757372928 514
758550016 318
760414720 936
760430080 700
761295872 369
762746368 803
762797312 526
763095040 81
764524288 870
765053952 497
765274624 787
765827072 911
765952512 168
766007296 704
766234368 913
766436864 683
766946304 715
768337408 249
769326592 68
769692160 362
771989760 530
772188160 455
772911872 702
773384960 286
774041344 394
775186688 497
775549184 650
775705344 597
778629632 536
779355648 617
780251136 205
783040000 848
787207936 761
787402496 510
787490048 203
788503296 429
789476608 438
790352384 875
790436864 398
791400704 12
794421760 744
794697728 205
795491072 388
795710976 182
796167680 704
796452864 620
798297600 494
801326592 176
801729536 378
802039040 657
803001088 828
803226880 379
806777088 209
807357440 33
810033152 943
811778304 917
811956736 89
813442560 835
813641216 90
815368960 160
817136640 52
817156096 715
819147776 330
819415552 428
819944448 453
820602624 443
822286336 143
822556416 831
823093504 207
823274240 95
823885056 756
824870656 744
825732608 389
826433024 865
826555136 393
827361024 692
828492800 505
831279616 939
831303680 27
832819200 498
834259200 521
835379200 627
835570688 148
836855808 888
836886272 790
836931072 393
837367296 870
837814272 72
838663936 775
839573760 810
839791104 459
839840512 486
840359424 493
842302464 73
843300608 858
844480256 462
846513408 352
846542336 20
848365312 611
848438272 827
848909824 997
849122560 795
851406080 650
851808000 25
852092160 555
854217984 802
854873856 29
856056576 208
856061184 954
859899648 587
861171200 476
861721856 460
862594816 610
863070208 211
863186432 331
863242496 891
863920384 272
865252352 119
865811712 897
869166592 498
869331712 901
871095552 564
873980416 793
874059008 834
874128640 704
875553280 452
875620096 998
876293888 874
876311040 47
877281280 145
878163968 674
881501184 234
882487296 199
886316800 199
887822848 188
890714880 818
891280896 893
892723200 754
893203456 215
896096768 293
897039616 432
897303040 309
898234112 882
899645184 82
899767296 395
900025856 58
900479232 971
900888832 248
901243392 420
904291840 448
906306048 599
906944768 948
907825920 202
908360448 696
908382464 644
908669440 491
909195520 548
910485248 471
911383296 117
914087936 26
914096640 876
914399744 508
917946624 447
919347456 352
920205056 916
922464256 703
922667008 31
923833600 633
924525056 183
925093120 754
926256128 210
926292480 379
926625024 921
928923136 149
929624064 845
929736448 419
930126080 574
933080064 287
933964544 365
935896576 956
938434304 863
939054080 1
940042496 28
940322560 558
941216768 901
942175232 769
943346944 216
943449856 323
943781376 3
946047488 794
946622976 320
950050560 578
952092928 152
952510720 247
954118400 687
954372096 819
955318528 984
957089024 686
957697536 794
957719040 189
959426304 404
959450624 661
959570688 892
962283520 994
962847232 551
964687616 766
964887552 315
968566272 346
968833024 585
969582336 224
972995584 750
973233920 380
975494912 995
977694720 612
980148480 764
983299584 779
983986176 517
984490496 749
984627200 984
985663232 20
985947904 502
986912512 245
987914496 437
988047360 425
989248256 168
989773824 304
990134784 942
991182080 692
991454464 600
991564032 911
992919808 234
994375424 633
994517760 331
995461120 376
996400640 663
996931328 328
997487360 580
998815744 282
998947840 298
1001325568 132
1001635072 41
1002034176 276
1004226304 749
1004228352 730
1007454208 609
1008326400 443
1010889472 14
1012665088 205
1016307200 388
1018267392 856
1018814464 863
1019644928 363
1019828480 705
1022642176 772
1024110848 189
1025063424 687
1026647296 997
1032755968 172
1034632192 973
1035956736 335
1036044800 496
1037507072 126
1037617920 937
1037629696 363
1037763328 110
1040100096 699
1042122496 567
1042731776 640
1045099520 1
1045568768 987
1045819904 899
1045910016 217
1046276864 487
1048156928 906
1049344512 828
1049698048 0
1050156544 731
1050952192 629
1050997760 165
1052268544 681
1052596736 680
1054242048 968
1054316544 275
1058564352 193
1058753280 21
1059570176 263
1062630656 61
1063923968 181
1064289280 220
1065526784 460
1068784128 960
1069226496 664
1069617408 676
1070570240 234
1070827264 537
1072692736 844
1074575616 806
1074795776 175
1075745792 137
1076828160 7
1077568512 540
1078102016 32
1079720192 161
1080323072 945
1085352448 584
1086978560 415
1087912448 259
1089209088 23
1091464960 818
1091932416 427
1092576768 961
1092853248 710
1095637504 737
1097399040 579
1098149120 291
1100075264 235
1100261120 695
1101864704 273
1102275584 579
1102827264 791
1103411968 803
1103741440 940
1105769216 297
1106030848 989
1106190336 580
1107415296 638
1107501312 165
1107601152 291
1107907584 569
1109094400 434
1109200640 169
1109472000 871
1110076672 23
1110617600 669
1110735360 639
1113652992 692
1114009856 193
1116787200 777
1116810496 68
1117507072 370
1117524224 806
1117565440 591
1118160896 719
1118881536 15
1119820544 522
1120367360 149
1120530432 27
1121152000 941
1121400320 98
1122058240 107
1122517760 196
1123757568 848
1127222528 137
1127712256 81
1128755456 269
1129646080 98
1129845248 570
1131108608 444
1132305664 45
1134579200 842
1136996096 537
1137944576 105
1138719488 241
1138941440 843
1140713216 330
1144623872 703
1145638656 951
1146058496 293
1147568896 679
1148917760 650
1150046464 919
1151341568 359
1154811136 971
1155170560 442
1155614208 405
1156601088 491
1157099776 682
1158989056 286
1160401152 729
1163018752 239
1167038976 562
1167443968 112
1168574720 435
1168727808 858
1171471872 166
1171517696 170
1171526656 570
1171712768 11
1172196096 895
1172930304 40
1174414848 426
1175252480 374
1175700224 491
1176199936 682
1177106688 403
1177161216 270
1177236480 581
1177245696 52
1177522688 267
1178363904 911
1179301888 821
1179840256 786
1182077696 311
1183415040 919
1185296896 585
1186681088 626
1187183872 722
1189800192 268
1191226624 954
1194049024 678
1197645056 69
1200020992 391
1200138496 540
1200330496 249
1201580288 884
1201746944 703
1201829376 12
1205192192 683
1208591872 96
1211344640 674
1213691648 993
1215324672 388
1215558912 968
1216661760 550
1217200896 557
1217759232 13
1218362624 473
1219228928 395
1220218368 998
1222523648 297
1222865152 698
1225227008 405
1226206720 513
1227463424 244
1229930752 855
1230778112 952
1231807488 698
1232466688 793
1234221312 340
1234501376 765
1236594688 953
1239814912 492
1239846400 10
1240662272 305
1243169024 195
1245139200 222
1247462912 952
1247799552 51
1248004608 336
1248289792 319
1250100736 772
1251509248 959
1252815872 516
1256400128 834
1256536320 132
1258025984 58
1259854592 447
1260393728 663
1260416512 489
1265039616 864
1267100672 807
1267232256 12
1268450816 637
1268541696 485
1268617984 4
1268933888 505
1268945920 415
1269547264 384
1269753856 798
1269928960 710
1270218752 897
1274484480 460
1276176640 275
1277693952 754
1278511616 739
1278613248 886
1280602880 924
1281621504 669
1281677568 982
1283278592 362
1283677696 557
1284382720 536
1284977664 771
1287548416 767
1288472576 255
1288482816 532
1292653056 172
1294043904 236
1294367488 2
1294984192 828
1296399616 509
1297513728 242
1298060800 813
1298272512 734
1299171840 639
1300820992 257
1301421568 592
1301988864 402
1302663168 673
1302967808 193
1303128064 525
1304149248 501
1305179136 293
1307414784 865
1307473408 169
1308408576 236
1309181440 776
1310337280 63
1311557376 291
1312851712 497
1316537088 288
1316998144 720
1318178048 688
1320210432 241
1322041344 955
1322840064 363
1322885632 423
1324422400 10
1326082560 790
1328399616 318
1331186176 428
1332586752 281
1332893184 33
1334674944 909
1334774784 371
1338838528 407
1344530432 154
1345898240 177
1346476800 952
1347070464 685
1347210752 982
1347389440 533
1347912192 179
1348148224 586
1348178176 113
1348860928 723
1350057216 181
1350066432 543
1350416128 920
1350865920 300
1351742976 87
1352646912 299
1352839424 344
1353330944 324
1353919744 481
1354053632 885
1354595840 50
1355070208 106
1355744512 265
1356511232 406
1356578304 548
1356924928 401
1357044480 711
1358760192 763
1358893312 80
1359210752 129
1362326784 55
1365484544 674
1366292736 3
1368717312 383
1368983808 411
1370859520 26
1371214848 851
1373446912 449
1374514944 501
1374853120 294
1376029440 604
1376099072 263
1376150016 598
1376734464 232
1377480960 96
1377510144 775
1382597376 963
1382897920 728
1383032576 686
1383489536 554
1383765504 172
1383902208 529
1386209024 589
1391163904 215
1391663616 440
1392048896 479
1392090112 509
1392470016 148
1393556480 738
1396031744 913
1396935424 917
1400207104 769
1401197568 391
1402929152 460
1404041472 474
1406301184 484
1406780928 195
1407353600 809
1407434496 249
1410356736 223
1410801152 328
1412290816 308
1412996864 457
1414228224 667
1414413824 971
1417570816 957
1418197248 713
1418476800 637
1418674944 497
1418739712 837
1419240704 406
1420118272 325
1421187328 689
1423845632 625
1424991232 932
1425721600 482
1426868480 379
1426980608 414
1430330624 838
1430750208 447
1436400128 822
1437076736 754
1438160896 277
1438438400 344
1438721280 910
1438835968 306
1443676416 343
1444797184 32
1444841216 243
1445651712 883
1447674112 942
1448313088 112
1449714176 499
1450332928 76
1450435328 964
1451043840 57
1451063552 76
1451632384 862
1453435392 578
1453675776 957
1454300160 382
1454705920 289
1457023232 817
1457241344 870
1458778112 404
1460165888 63
1461452288 762
1461917184 719
1461974016 251
1462361600 386
1464186368 422
1464323840 783
1467125760 201
1467666432 936
1468805376 149
1472253184 769
1473175296 714
1474141952 648
1474640640 941
1480070144 777
1480406016 156
1480450560 972
1484050944 494
1484704256 116
1485025536 47
1485156096 563
1485561856 329
1485780992 246
1487856384 991
1488101888 809
1489878272 360
1490504704 713
1490525184 706
1491634688 874
1492103936 681
1492401408 419
1492894976 993
1493266176 767
1494290944 580
1495157504 93
1495796480 420
1495917056 128
1497471232 31
1497733120 248
1498757632 464
1498975744 924
1499040256 690
1500621312 326
1501284608 140
1503194368 367
1504027392 314
1504370432 860
1504420864 995
1505398784 696
1505750528 723
1507937280 905
1508572928 923
1510308864 793
1513108736 440
1513309440 149
1514358016 347
1514782976 971
1514960896 205
1516044032 377
1517818880 848
1518753024 667
1520613120 556
1520980224 384
1521505792 982
1521888000 476
1522057216 459
1524955904 982
1525737216 8
1525782784 282
1526671872 276
1527307776 972
1527831808 384
1528379136 122
1529368832 373
1530657792 185
1530809344 338
1531372800 92
1532308992 701
1533477632 286
1533819136 849
1534697984 512
1534708224 335
1536125440 547
1537657344 715
1537988352 945
1541246208 778
1541771264 417
1543055104 490
1547682048 148
1548032256 432
1548451840 847
1551515648 394
1551528960 303
1552136192 168
1552244992 119
1552379648 797
1553493504 906
1556782592 9
1557057792 396
1558187776 888
1558864896 479
1561713152 799
1562150656 957
1562181632 240
1562953216 328
1566251264 418
1566460928 164
1567023104 258
1567228928 596
1567876864 731
1569909760 276
1571581696 199
1571787008 638
1577376512 530
1577581568 987
1578241792 782
1578446080 871
1578640128 822
1581508864 802
1581512960 764
1581852160 329
1582882816 91
1583911680 916
1585016320 133
1585167872 812
1585727488 773
1586215680 460
1586377472 134
1586835456 528
1587167744 424
1587473920 76
1589119232 552
1589644032 776
1592079360 531
1593074176 969
1594816768 393
1595265536 248
1596546560 810
1597014528 540
1598804480 166
1599562240 671
1600600576 159
1603120128 50
1603418368 804
1604238336 644
1606115584 148
1606762496 788
1607149568 883
1607422976 3
1608358400 819
1610249472 933
1611738624 12
1612960000 128
1613459968 681
1613553152 890
1614481152 941
1614604032 961
1616438528 896
1618601216 43
1621788160 818
1621838848 913
1622643200 410
1623472384 631
1623979008 154
1628853504 892
1629401088 735
1630068224 374
1631605248 29
1631822336 156
1634708736 71
1635510016 506
1637176320 33
1638881536 236
1639150080 90
1639633920 204
1639872000 698
1640980992 328
1641126400 942
1641261568 816
1642357248 682
1642753280 91
1644247296 485
1644673536 717
1644894976 500
1645592832 709
1650607872 369
1651122688 104
1651519232 63
1651626240 643
1653074432 717
1654283008 905
1654863616 462
1657438720 908
1658164992 57
1659052032 120
1659715328 250
1660211456 380
1663151104 258
1663184640 810
1665701632 28
1666564096 387
1667141120 623
1667162368 812
1667235072 943
1667552768 756
1669239552 880
1669851904 722
1670081536 84
1676923648 689
1678114816 460
1678639616 105
1679004416 868
1680566272 298
1682190336 780
1682962944 539
1683407360 308
1683996160 778
1685507840 756
1685835520 296
1687000320 511
1687487744 302
1687543552 307
1688136448 704
1688220416 354
1690097408 928
1690272000 885
1690792960 842
1691298304 338
1692109568 382
1693970944 407
1694832896 72
1695252736 625
1697421312 840
1697451776 798
1698330368 191
1702966528 861
1704310016 279
1705837568 927
1709264384 618
1710029568 660
1710908672 638
1711087104 530
1711972096 195
1713411328 545
1714018816 458
1714980608 446
1715701760 66
1715735296 5
1718898944 537
1719576576 766
1722038784 435
1722239232 956
1722535168 596
1724569600 589
1727998976 513
1731522304 970
1732225280 491
1734030336 116
1734464512 873
1738313472 534
