3262036 68.16
3927105 17.12
5472108 33.69
5602789 31.94
6100831 25.95
7220139 8.80
7359712 6.44
7455832 42.85
7735547 69.96
7884783 28.01
8188266 6.41
8416563 25.78
8513022 89.91
8534330 9.95
10144993 81.77
10903993 77.43
12152672 7.78
12230937 90.81
12889465 88.47
13816193 92.62
14054940 43.49
14209908 63.26
14842153 13.58
16174334 94.03
16958809 88.46
17261600 77.94
17273358 29.48
17672473 93.64
18777144 20.38
19106507 71.33
21288480 68.97
21710907 28.98
23019380 21.39
24136636 9.08
24222114 96.54
24537902 76.29
24925362 69.08
25642200 49.39
26240448 92.88
26413175 98.82
27120784 24.63
27136134 83.61
27227336 82.80
28004106 82.36
28418958 48.59
28789653 47.83
29459342 11.23
29932303 20.62
31102227 19.07
31512457 65.76
32348893 93.47
33413756 26.12
34418585 59.91
35269850 97.65
37173011 35.39
37229519 34.95
38004920 62.20
40502305 29.75
41242968 62.29
41468624 8.79
41522513 96.55
41716872 77.21
43211106 32.43
44380718 93.04
44485585 68.78
45583020 61.95
45999262 45.48
46882260 43.10
47174068 25.20
47418181 24.17
47612143 81.04
47916237 86.68
48692578 78.78
49279035 60.89
49738856 30.48
50080675 61.35
50197303 92.84
50342254 70.94
50624541 53.14
50626393 3.26
52086799 38.51
53304573 49.99
54298471 10.61
54635226 35.00
55182052 34.94
56347921 9.54
56485344 20.21
57072394 67.83
57266211 18.08
57368998 29.17
59704759 3.03
60191918 70.28
60256555 95.35
60315887 3.64
60925352 40.31
61104477 90.60
62186915 53.50
63082197 59.47
63194829 83.24
63348663 11.63
63859177 53.73
64012826 4.69
64700637 96.16
65524876 26.07
66888333 27.37
66954005 20.41
68103530 58.93
68622741 69.35
68749663 28.94
69673390 70.54
69922986 97.32
70469473 21.53
71343984 14.49
71641056 48.11
71643169 64.50
71850047 77.02
72117305 56.14
73145656 16.95
73432464 80.09
73584461 63.89
74432723 18.46
74667534 30.29
74765434 31.30
74945745 64.60
75624397 23.89
75870277 2.55
76065337 63.81
76076663 40.15
76706917 47.58
76917003 28.66
77518416 65.69
77707063 94.04
78110868 75.46
79045808 1.49
79805415 15.64
80469926 12.58
81692325 47.81
81715790 94.84
81843017 15.78
82266135 33.11
82950892 38.80
83388690 23.73
84004488 26.76
84187607 85.10
84582558 90.26
84680171 70.70
84713975 88.03
85191011 19.14
85439941 95.78
85813188 9.66
86028463 5.97
86108335 72.06
86586661 97.95
86907313 85.70
87316747 48.67
87409232 50.63
87694567 46.66
88621150 80.66
89900518 11.24
90033008 69.07
90068694 99.57
91877788 81.10
92781290 22.47
92786391 32.02
93610023 58.96
94479133 5.85
94960028 98.14
96788987 11.17
100147740 95.18
100763203 63.72
101016194 3.67
101575780 40.34
101693509 16.90
102105597 22.13
103210416 75.22
103359368 64.92
103399198 93.02
104315658 54.41
106274617 46.49
106395742 4.29
107103716 60.13
108382696 79.55
109010300 1.48
110045721 17.19
110865277 75.29
112224361 6.48
112249359 35.86
112352798 92.12
114042321 33.10
114601476 47.12
115460893 27.97
115674446 23.26
116315025 53.44
117019190 67.12
117047332 72.11
117492064 54.42
117723379 93.53
118109136 78.63
118645145 49.86
119825915 35.53
119892432 11.25
121158151 38.88
121409135 62.34
121995524 0.17
123055873 28.37
123060199 14.71
123891816 49.56
124022360 58.69
124788605 37.02
125524777 46.24
125685652 71.02
125960418 19.70
126051505 75.32
126086135 23.90
126215842 58.44
126354314 74.54
126836441 50.02
126873902 83.82
127151211 18.99
127545790 17.63
128059063 64.86
128562924 21.73
129099260 82.89
129808919 73.15
130368353 78.70
131365906 4.13
132004339 71.61
132716329 48.56
132982061 37.34
132992532 77.36
133455731 8.36
133745184 1.13
134832422 79.08
135587702 69.86
135767362 89.59
136135371 52.81
136684302 24.58
136710085 52.44
136756180 23.57
136806588 11.65
137820741 14.60
137935086 26.76
138065487 86.36
138810191 68.82
138877054 12.28
140311945 41.48
140745273 69.03
141851682 1.43
142041995 70.87
142110857 55.22
142619668 74.11
143245504 48.28
143411610 62.75
143448331 61.22
143494786 16.60
143844890 7.42
144166452 38.87
144234260 13.91
144633715 85.40
144984093 27.40
145119950 76.92
145711422 9.13
146165827 32.55
146189290 38.01
146319766 2.86
146331074 38.42
147201095 12.60
147722891 20.44
147787432 10.79
147839170 95.50
148399241 82.59
148807996 26.03
150529067 2.90
151282608 56.42
151796691 40.35
152404549 67.58
152733748 18.58
153165108 99.89
154021682 21.26
154081091 70.94
154872250 29.73
155169200 58.81
155476989 83.10
155692109 13.04
155813843 25.47
156305986 38.08
156457534 73.97
156576787 4.73
156882806 29.60
157316827 8.71
157819368 13.18
158932578 5.17
159683949 31.27
159826521 70.84
160683931 29.77
161391412 27.10
161509942 43.25
162251756 24.36
162536192 88.99
162623266 0.65
162800022 24.15
164255663 5.85
164769103 5.25
166291372 33.96
167206616 37.75
167251987 5.25
167734626 17.05
168123324 80.50
168773909 98.15
170925440 29.80
171046659 55.14
171262380 26.19
172046992 46.21
172063007 87.26
172267816 62.95
174297327 77.68
175500156 35.00
176006062 95.02
177092508 82.48
177818564 95.58
178560332 40.04
178596584 13.68
178757263 44.75
179209865 53.48
179611449 66.95
180380899 9.63
180450748 94.59
180818125 37.57
181161126 58.22
181361990 82.24
181450390 49.29
181714282 89.27
183209281 70.03
183402690 47.72
183486722 69.49
185041615 98.36
185395361 94.69
185913686 31.56
186493003 93.87
186740226 90.54
186778555 45.57
186812749 94.68
186951789 11.01
187621993 14.94
188018455 73.87
188033545 50.17
189026079 47.79
189101473 80.90
189509047 33.67
189595529 47.89
190640462 8.97
190695393 77.66
191363503 27.49
191626217 96.53
192210172 46.55
194320716 77.59
196853146 58.29
197174629 96.69
197247744 50.26
197259549 16.61
197375588 54.87
197999267 86.53
198172446 23.64
198336668 63.19
199029305 96.95
199034730 61.18
200004278 17.30
202586833 91.23
202603412 39.28
202745967 21.66
203454051 65.20
204050394 87.33
204392579 10.87
204521562 62.73
204748492 14.89
204907962 1.32
205544821 11.10
205906820 58.10
205984878 29.69
206236116 42.93
206422200 44.34
206904782 55.20
206994721 87.41
207186422 17.06
207733087 57.73
207834470 62.07
209393480 35.13
210181521 51.66
210642742 34.77
210830475 47.14
211387957 1.00
212325640 27.52
212424265 79.28
212611538 15.92
213159654 5.21
213552615 51.07
213589287 98.59
213604248 93.86
214854665 29.87
215207535 65.84
215267401 44.46
215636463 85.39
216334031 20.33
216560435 4.14
217773708 48.07
218132820 76.98
218376772 16.68
219120154 47.07
221523234 9.74
221706959 97.55
221719766 85.56
221972165 12.55
222037056 42.92
222502813 76.03
223176985 66.20
223998680 5.08
225196361 22.52
227103600 34.20
227434634 30.12
227994058 39.45
228236413 86.88
229693868 32.04
230225828 3.36
230882313 34.01
231187638 33.82
231530645 10.90
232388086 0.95
232953485 28.53
233186065 97.14
234406060 7.61
234561636 13.94
235211636 31.59
235419129 22.68
235939216 83.37
236390610 42.59
237097441 46.41
237124481 43.69
237742691 16.04
238084613 52.69
238393742 75.26
238539349 7.28
239471055 42.94
239529275 93.86
239850471 96.17
241237387 67.12
241343433 2.82
241443524 60.72
241973298 31.02
242292917 2.46
243885626 66.45
244677372 61.38
245010443 15.89
245086035 42.38
245485097 67.79
245789566 15.20
246017226 58.46
246166781 30.84
246894161 53.10
247647988 53.69
248473950 52.69
248745148 43.13
249781289 32.77
251728707 28.98
251767113 25.40
251779914 89.47
252352348 89.50
252558872 41.71
252603574 70.38
253054534 92.65
253951156 96.90
253993595 98.68
254620262 59.97
255491091 34.71
255669928 32.83
255824383 27.26
256371621 72.04
256657340 91.43
257294521 4.23
257351765 82.36
258069427 36.83
258172496 7.19
259923191 20.78
260510930 32.16
262585505 68.89
263374042 48.14
263381677 62.59
263855861 21.59
264153762 69.72
265088706 52.51
267884462 76.61
267976171 71.77
268326018 47.65
268586412 78.77
270330046 71.04
270957601 57.54
271356659 41.71
272484348 3.71
272928079 27.00
274378380 99.38
274984751 6.52
275237578 67.47
275250118 65.27
275650128 36.56
276795380 96.45
276799556 72.29
277209685 43.91
277320233 94.28
277586667 99.24
278536378 56.20
278975696 2.10
279037375 76.11
279145464 57.87
279368911 37.74
279536024 67.66
279731492 1.48
280074891 98.47
280143595 58.80
280244916 42.80
280437338 71.87
280720441 83.67
280958403 84.07
281381633 25.24
281568341 17.85
284365345 62.27
284375966 33.74
285283211 61.12
285638366 52.56
286304779 3.12
286848999 76.17
288028965 33.56
288439600 33.08
289544685 40.80
290293203 57.76
290460751 98.13
290891594 71.73
291225149 66.69
291249991 61.63
291307545 25.94
293570601 12.35
294395012 13.83
294749053 11.76
294990227 53.00
294993588 36.27
295645791 27.65
296421768 47.70
296517893 39.98
296697484 41.93
296710368 55.81
296926291 61.48
297734414 75.27
299416980 53.26
301274574 45.31
302419501 97.97
302455185 7.85
302796937 78.03
302898988 53.13
303775410 58.90
303815064 6.68
303909819 27.54
303991076 55.06
304320816 99.44
305144873 88.62
307232704 61.27
307665936 33.15
308975101 30.00
308995786 42.43
312954972 2.88
314040101 42.15
314748264 78.74
315053361 58.59
315178446 73.59
316014332 62.80
316152001 70.68
316208401 18.68
316771760 83.46
317415176 12.71
317564564 17.40
317665075 80.22
318207893 55.60
318843130 40.32
319198208 90.37
319506153 49.10
320304549 46.00
320604346 2.86
320636209 32.79
322014386 24.49
322235670 89.90
322768686 22.19
323012308 19.74
323054595 59.36
323372682 68.51
323642786 53.90
323814223 18.50
324540680 64.14
324570792 51.51
325009702 61.32
325016366 79.80
325332379 59.78
325591104 13.11
326707440 76.40
326833818 11.34
327643598 96.17
328129474 29.61
328295818 13.70
328679896 9.27
329212337 22.26
329433957 7.20
329818620 8.20
330707127 24.40
331312146 0.90
332747155 46.84
332911449 18.47
333708341 38.09
333878263 55.69
335301915 46.16
335387523 67.20
336202211 39.59
337302552 23.23
337522998 30.46
338178757 78.76
339057476 10.28
339272695 94.67
339321777 21.93
339940890 61.49
340048609 41.83
340603566 18.94
340739844 25.93
341086455 27.29
341099339 56.69
341674131 50.26
342022731 79.32
342173620 36.13
342809964 89.86
343535853 71.74
344096363 89.57
344551361 94.02
344564365 91.82
344918881 71.01
345305002 18.07
346749584 13.64
347569379 19.52
348583011 42.48
348772421 44.71
348792787 73.85
348931832 15.01
349030223 53.91
350261609 34.23
350997588 21.46
351084773 4.41
351531522 62.96
351857006 85.90
353954992 57.41
353974089 5.72
354540812 94.45
354665073 4.25
355144205 73.61
355326442 73.26
355667902 67.00
355779802 63.53
355793292 27.83
357103660 12.89
357314166 83.37
357502560 5.53
358270638 77.12
358808845 60.78
359091014 16.15
359433275 28.53
359468975 27.53
359962088 83.56
360902697 82.90
361404983 29.52
361500851 27.81
362189861 71.68
362510896 14.72
363044880 44.20
363074344 58.68
363896754 88.56
364713074 35.67
364721560 77.69
364750443 43.50
364942955 77.92
365470066 62.29
366101753 14.03
366301521 85.32
366920102 11.64
367471066 85.24
367549323 18.28
368552239 3.12
368782871 50.42
368940483 62.79
368987396 30.70
369056274 35.21
369362240 52.37
369535382 55.37
369657616 2.80
369689612 55.00
370079384 41.15
370954337 36.57
371071356 67.91
371412893 34.08
372032303 74.91
372277943 16.77
372305140 32.08
372519128 22.30
372761913 8.79
372933184 4.81
373073498 42.32
374621105 76.70
374682792 10.79
374853030 59.46
375119140 9.74
375574381 18.73
375778978 63.58
376025670 36.03
376418698 42.58
378454110 32.95
378752986 33.81
379899608 65.12
379915065 38.63
380115349 97.57
380315303 14.36
380547085 57.68
380665184 20.14
380871345 62.94
381229281 57.05
381572093 60.48
381828343 25.04
382216991 69.47
382626573 22.32
382632110 10.39
382781941 85.61
382828055 13.60
384128092 83.01
384335610 81.28
384646012 36.01
385672583 47.74
386139716 45.17
386419351 11.16
386600592 49.56
388382131 14.23
388401805 7.89
388589492 4.56
388777735 53.58
390300137 35.60
390872801 91.73
392333399 80.90
392930882 66.36
394914274 28.27
395587774 75.40
396204491 98.29
396474760 36.18
396493689 17.69
397186839 71.36
397871655 98.61
398211989 40.10
399049066 16.20
399167072 32.63
399666365 97.73
401153666 39.16
401234168 89.35
401569550 69.15
402561378 9.35
402793548 48.31
403752169 88.02
403914314 61.70
404292777 13.18
404543267 94.54
406030694 49.26
407042767 66.61
407292836 90.50
408900986 86.89
408987265 98.42
409350362 1.80
409554676 82.84
410476729 75.26
411334723 87.07
411770389 62.28
411861114 61.04
412163707 93.61
412470499 15.64
413185937 97.95
413625487 36.09
414397706 49.08
415936908 91.58
419399339 85.06
420887956 6.61
422930075 99.89
423409619 14.09
423756022 56.89
424746340 11.39
424948353 99.83
428100350 23.87
428516975 78.21
429065456 97.53
430145013 50.76
430301869 2.21
430900597 34.82
431842886 91.76
433741052 4.33
434077420 64.68
434210949 47.24
434324914 8.32
434344256 18.26
434800516 27.05
435420826 46.40
435764268 33.93
437933591 30.55
438285036 82.29
438730104 51.64
439820594 77.71
440532740 73.58
440560329 56.81
440886857 8.36
440888829 42.40
441660366 47.17
442294195 4.85
442372882 92.47
443019839 73.11
444059442 57.56
444073113 42.53
444638962 38.08
444877143 45.81
446042488 51.73
446399065 38.71
446849745 80.43
447143106 90.76
447849444 99.60
452972543 89.73
454074834 46.34
454256607 61.51
454889565 30.22
456140049 47.87
456731708 93.65
457806716 96.45
462635358 71.53
463238831 96.29
464968970 47.44
468197514 25.77
470692822 48.40
471470428 70.00
471688059 39.23
472557990 87.11
472806167 22.56
473626512 87.89
477435051 43.52
477786394 52.12
478849058 98.84
478985888 80.47
480444068 55.43
480901856 75.18
481032031 50.96
481050235 97.24
481808667 44.66
481952861 93.77
483033098 98.13
483798411 35.22
485019725 50.97
485040893 20.26
485137066 16.37
486799290 29.94
488296217 13.19
489421951 98.34
489461262 98.11
491423171 60.22
492069633 46.21
492207820 98.83
492314739 38.69
492587081 85.69
492657539 61.75
492688548 44.38
494310698 20.77
495512067 43.90
497336332 51.87
497598289 91.92
498187916 55.93
498698760 61.13
499328847 0.87
501078509 82.63
502242154 69.55
502459307 1.32
502650562 92.70
502820436 42.94
502891588 59.58
502916028 90.38
506411191 14.63
507397881 11.17
507450599 25.43
507798500 37.09
508734921 59.27
509363168 50.21
512307694 96.22
513596735 52.39
514310429 84.15
514477810 72.35
518280149 93.98
518693473 49.25
524510082 82.73
526111108 48.44
526797937 16.12
529115836 8.12
533463016 10.74
534690163 78.80
535019948 34.34
536266847 84.57
538599389 62.05
539128294 79.52
540538268 8.53
540763743 18.84
543275563 13.31
543752062 54.36
545928306 63.45
546862846 45.96
548520287 80.72
548717141 59.56
548754204 37.97
551063786 28.25
551354229 73.85
551499659 57.48
551895399 69.87
554092028 85.91
555106035 50.64
555563370 98.21
557725937 50.38
557762945 48.47
558375181 70.64
558391595 71.62
559351147 20.97
559703986 62.29
560388599 86.85
561154798 33.96
564397517 68.07
564909160 61.20
565490364 71.60
566563024 9.57
567190415 32.59
567663556 31.05
567984392 28.16
569307293 34.53
569696460 22.81
571009562 11.25
571120155 40.29
571302383 27.31
573935543 99.11
574666276 75.60
575818463 16.46
576508448 13.06
577084466 75.97
578208976 43.44
578534430 24.28
580226880 85.20
581745032 90.67
582005733 34.80
582495979 34.14
584544834 10.47
585402450 76.30
585712329 66.89
586961377 99.55
587341772 77.79
588066704 80.21
588118208 57.49
591647950 74.27
591762004 93.58
598222865 78.35
598584729 51.42
599835667 36.38
600393614 42.79
600984078 44.92
601005283 69.27
601575479 28.64
602992451 11.51
603918839 87.38
606237899 45.12
609161060 75.58
610041913 84.00
612774989 1.45
616020633 40.31
617123580 50.84
617780299 30.82
619394803 43.99
619858707 43.39
620851543 34.62
621568833 46.10
623735911 25.57
625295001 44.23
625619101 21.82
626049720 47.74
626314012 31.24
630401185 30.31
630726718 52.21
633732808 59.70
637050528 11.88
637241888 14.14
637526282 40.78
638041637 9.75
638981698 6.73
639468379 36.52
639772571 76.55
639800317 46.77
640045312 83.48
640456495 0.88
640728376 67.61
643214488 82.05
643704331 85.65
644455656 59.58
645872537 48.08
646531183 98.95
648542468 85.38
649143168 52.03
650557478 32.56
651203578 77.21
651208430 52.85
652569458 27.64
652810773 66.75
654115339 9.67
655498324 97.45
657049086 29.15
657400764 41.20
657414308 81.28
657434355 80.57
657735118 45.04
659189459 99.27
659659726 64.55
661475058 3.21
663108617 90.23
664673654 21.18
666014034 86.61
666788737 1.00
666937437 73.53
667218296 72.72
668100911 20.48
669052164 20.43
670173145 68.87
671693070 62.45
672355183 75.54
674193392 51.59
674569734 42.12
675509900 86.45
675848164 7.52
677026192 45.25
677409590 37.70
677464600 31.93
677758395 84.64
678511617 87.36
678741384 54.11
681638717 9.08
682591055 64.98
682702796 38.38
683038497 32.51
684209245 20.64
684710217 38.80
685723780 80.45
686195959 59.10
691471670 11.60
691799798 75.15
695527925 22.41
696000315 63.83
697471799 78.54
697744459 71.80
698409936 8.84
701858548 42.99
702417187 17.37
702425585 69.23
702589585 12.76
703611770 53.95
704480663 45.17
705208676 71.26
705833824 13.27
706210065 28.73
706739622 27.84
706907128 24.79
707037035 57.81
707980603 76.28
708191458 3.19
708574322 46.26
709891049 88.45
711349039 30.11
713186371 8.77
715081352 18.39
715803298 63.79
716293217 40.71
716343275 52.30
717450169 98.65
717766951 76.45
718933035 86.10
720760054 58.85
721786099 50.24
722194295 6.08
723526871 89.70
723857781 23.99
725202890 28.92
725683366 84.36
725924800 23.80
726313030 30.49
726938088 46.20
727764113 49.13
728181253 59.52
728283647 82.63
728905410 7.69
730347020 99.22
730893100 82.47
732188967 84.46
732817766 50.04
733622201 21.67
733713192 42.57
734725700 70.37
734746281 19.04
736191139 1.93
737502131 62.67
738538325 60.02
738919851 25.43
739264027 12.81
739806060 53.24
740173061 1.90
742309403 81.85
742679564 31.71
744819302 77.38
745005762 73.11
746102678 17.00
749391166 83.41
754027782 85.14
756156934 78.26
758947406 4.96
759000805 38.42
760407619 66.23
761466825 26.89
762047785 91.74
762389944 81.93
762623946 25.13
764203897 52.06
767320420 60.92
771076276 21.21
774110383 9.42
777428249 99.82
777936531 9.68
777938359 41.64
781279167 93.98
781458327 78.71
782208820 18.40
782471774 24.24
782663022 2.66
788133543 98.92
788204315 48.96
790090145 50.01
790188898 30.25
790848374 79.22
791644679 41.75
795070372 79.57
795478981 84.79
796844125 35.70
798523591 12.21
799968507 43.16
800901268 92.67
802000152 34.79
802559988 88.96
802873243 83.87
803955397 78.42
804283352 2.33
805371360 78.66
807803283 84.34
809007870 93.20
809476153 71.13
809591896 60.67
811267417 1.03
811859929 46.99
811991854 45.27
812371120 72.48
812464588 2.77
813477702 80.99
814520430 84.19
814938808 65.24
815549046 83.55
816459103 8.25
821242877 18.57
821469568 2.00
822358091 7.32
823833328 88.74
824657266 93.11
825111523 57.69
827561374 22.33
827668283 81.49
828449889 83.09
829551983 93.44
829680030 16.26
829904467 69.91
831631229 85.14
835327854 91.26
836063770 74.56
836820097 34.63
837237317 90.62
838344878 39.66
839449777 22.83
840116695 12.27
840622179 62.27
841566865 83.00
845249506 98.24
845596862 48.22
847058954 13.02
847445222 66.37
847488740 36.63
848579355 71.45
849253582 20.99
849589048 82.20
851636819 70.65
852716569 61.39
853340116 23.33
853573748 80.63
855662982 55.49
856266647 49.69
857103537 33.17
859184308 95.15
860787737 69.54
860832440 66.28
862449778 26.30
862454556 64.76
863975807 82.69
864006192 53.17
864410171 94.29
864534793 77.36
868186263 19.10
868678946 5.03
871497826 64.29
873173966 39.98
873613664 36.96
873621478 35.94
873920606 5.96
874086723 53.68
874247093 66.64
875925865 2.57
876041017 62.74
877181388 88.48
877980842 3.44
879207627 30.16
880563907 8.59
880965265 38.24
881038614 68.20
881227063 55.16
883610771 65.79
883613745 5.97
884820094 54.17
885934662 69.70
886944559 66.73
888202791 54.27
888264971 46.87
889996054 56.10
892890263 23.92
893107461 55.31
893453914 1.61
893959284 91.63
894097821 68.75
896493281 38.02
897034949 32.90
897239758 8.59
897945995 78.83
898077879 86.24
899601166 94.69
900185049 28.15
900988912 63.74
903407907 60.46
903464252 64.61
904193774 8.33
907394215 15.45
910260749 46.02
910498102 28.26
910629939 36.38
912641246 20.35
918287129 71.48
918596889 25.27
919712593 4.79
925208864 67.08
925324903 41.81
925974551 62.35
926432796 90.09
928445666 67.47
929462657 53.08
929882426 19.50
930394439 98.53
930470738 34.99
931176838 79.64
932356177 57.14
933118894 84.51
934963920 57.28
935340262 47.81
935383611 14.24
936116382 17.39
936791914 98.28
936865005 66.18
936941321 96.30
937025111 45.13
937891628 2.03
938156250 48.63
938222028 57.09
939132468 52.60
940164599 81.54
941573672 79.48
943290663 82.74
943614892 41.36
943771198 54.31
943831064 32.93
944414240 40.90
945823753 89.64
946501489 96.81
948002316 53.06
948616703 93.80
950419701 57.08
950528104 12.82
954063207 89.34
956432275 55.17
957001972 84.08
957062517 45.76
959481496 53.36
959533052 70.28
960003460 96.96
962506415 50.88
963521456 99.99
964930923 17.51
965360423 36.63
966961578 19.84
967686431 44.73
967838375 36.34
968014712 22.99
968485548 20.10
969831146 74.79
973351668 22.64
975607557 30.41
976432223 26.21
976539101 75.20
977627029 5.93
982888996 4.35
983390013 85.66
984531550 81.02
984883782 3.85
984886080 28.71
986453367 17.16
988145874 94.54
988243815 1.94
988419771 90.39
991947142 13.20
992060163 16.20
992609728 59.87
992801999 73.90
992972444 28.58
996029191 21.59
996799939 19.13
996822577 87.79
997612305 53.93
998444300 98.29
1000356609 24.87
1000471980 92.37
1002700806 58.20
1003171973 50.01
1004440548 85.56
1007435362 35.73
1007577677 81.31
1008098454 25.82
1008942791 90.12
1009015944 14.83
1009283141 5.21
1009660457 32.39
1011891342 17.88
1011911900 0.94
1017655606 27.21
1018022039 12.11
1021926903 10.49
1024589636 79.93
1024770071 17.44
1025591362 76.99
1031431584 10.91
1031579912 61.40
1031856165 30.17
1032115298 40.54
1032775876 2.65
1033000545 48.54
1034795731 48.98
1035264858 77.99
1036806447 3.58
1038066689 11.82
1042583514 13.12
1043531488 11.54
1043654114 26.89
1045638454 3.64
1046709876 7.42
1047795861 78.14
1048146522 63.00
1050294175 19.19
1050605248 48.89
1052277162 60.76
1055028777 91.47
1055285239 86.87
1055856695 50.91
1056376091 90.75
1057799653 54.92
1058028607 80.76
1058316122 53.87
1059179348 92.40
1059698362 29.50
1060371528 56.77
1060391807 48.30
1061016312 21.30
1067334279 11.49
1067846922 74.62
1070025204 10.37
1070133491 69.99
1071298967 93.08
1074476946 11.86
1074749475 87.95
1076112520 59.93
1076250662 49.40
1077603214 99.34
1077861081 33.09
1079190110 35.95
1079275140 28.05
1080365448 65.38
1081148492 51.64
1081264649 22.16
1081478922 12.33
1081608682 39.06
1081968411 19.15
1082530236 64.55
1082651805 29.91
1083089026 53.97
1083478764 10.22
1086561199 85.39
1087301644 57.72
1087639477 40.62
1088302161 58.15
1090149532 91.54
1090363015 6.41
1090938946 47.23
1092577167 13.06
1093086122 34.03
1094283955 61.64
1094972273 85.55
1095943331 11.85
1098188812 83.53
1098300807 46.71
1098936189 17.10
1099862212 47.42
1102128451 79.69
1103802186 47.03
1104302823 61.74
1104667781 43.39
1107631658 11.97
1109611010 19.09
1109646108 39.95
1110918429 65.72
1111215467 69.44
1111884142 94.34
1111994972 55.97
1112781470 19.54
1113446411 71.06
1114763007 96.08
1117196753 93.37
1117682594 44.36
1117814123 86.92
1118582613 82.40
1118906088 52.71
1119882110 78.49
1120018795 89.97
1120049436 22.84
1121490737 44.27
1122845922 22.52
1123353857 12.09
1125414493 21.09
1125746663 23.58
1126157719 96.09
1126474464 18.83
1127553867 89.28
1128514121 87.30
1128589087 22.92
1128776019 11.22
1129430049 50.97
1129663424 14.28
1130552795 42.96
1131069527 44.32
1131146505 36.78
1131689913 36.99
1134337581 68.35
1134786434 46.18
1135407447 18.74
1135615312 52.82
1135887235 78.49
1136922527 13.17
1137015658 3.87
1137051778 92.27
1137786163 60.40
1138066026 61.87
1140005143 72.54
1140908811 98.01
1141693060 8.62
1145970671 85.88
1146377526 96.32
1146651728 17.05
1151307333 36.48
1153963307 20.79
1154489188 94.58
1154506958 98.48
1154968367 63.23
1154968867 98.23
1155492124 56.34
1155535000 25.66
1156349386 61.86
1158024137 51.85
1158279609 57.95
1159071108 76.06
1159217323 94.64
1159327915 55.61
1160324521 34.27
1161425615 11.09
1162563926 12.63
1162815561 34.14
1163070567 19.62
1167256784 7.30
1170468290 8.97
1172614828 30.64
1172772421 49.68
1174848828 90.65
1178434831 93.70
1178488194 76.64
1179952310 51.59
1180089511 87.19
1180377622 93.55
1181088929 78.69
1181569494 92.36
1182686704 48.83
1183098342 38.08
1184827255 71.88
1185961988 18.96
1186464944 88.00
1189346770 45.01
1189409241 45.98
1189734229 69.73
1190565806 97.30
1192053373 45.35
1192677899 47.82
1193864039 69.39
1194780762 48.71
1196839892 44.29
1201839291 75.42
1202402280 90.77
1203238715 2.40
1203393398 1.27
1203834004 42.28
1205690465 95.50
1205976082 71.75
1206107658 13.60
1207695910 89.60
1209128342 98.20
1209233925 33.01
1209271753 48.50
1209764626 67.73
1210875760 67.35
1211188855 34.59
1213659046 43.03
1214954370 83.01
1217191807 63.14
1217210738 96.31
1219907640 49.58
1222547803 79.12
1223171836 59.55
1223199668 47.32
1224150804 19.55
1225868396 96.41
1228043889 84.93
1229992460 65.85
1230614169 15.13
1233173370 97.80
1234539807 99.69
1234570572 36.77
1234860292 4.23
1237691392 78.89
1239331202 71.48
1242174035 11.45
1243100359 30.84
1244764933 8.91
1246873410 18.31
1247632642 21.73
1248297341 0.31
1249898385 91.28
1250975147 88.86
1251643808 60.78
1252357573 25.51
1253782663 0.64
1254297398 66.21
1255142764 74.54
1256691086 15.44
1257739726 48.48
1258156232 2.49
1260633620 74.25
1261330555 57.35
1262462081 3.94
1263146758 84.98
1263168360 96.65
1264787060 68.01
1265023877 28.26
1265559040 27.79
1265662823 0.13
1265715233 48.83
1265733278 35.51
1266919376 98.14
1269732152 58.12
1269897939 42.74
1270238623 93.21
1271481614 25.88
1271683266 41.05
1271803703 51.17
1272088107 58.51
1273281057 0.31
1276306294 44.09
1277054709 34.32
1277544721 5.28
1278073089 69.16
1280289447 38.23
1283613870 27.15
1286450477 63.30
1287070481 53.23
1287777393 70.72
1289806688 97.85
1294096933 35.02
1294986834 40.80
1297049721 75.37
1297654897 59.81
1302075537 48.16
1303993008 52.08
1304230929 61.61
1308102071 3.45
1309715804 34.65
1313389783 27.55
1313570971 58.24
1314407569 28.81
1317016790 72.88
1318282931 26.05
1318317242 75.82
1318372193 53.92
1319717435 12.16
1328501740 37.08
1328911490 10.17
1328966357 6.86
1331004344 98.43
1334307133 97.44
1334502511 4.96
1336049971 69.52
1338487195 14.27
1340848126 30.98
1341837288 96.56
1342824017 47.83
1347587749 35.68
1348015904 0.65
1349225807 69.63
1350076970 79.75
1351442606 57.57
1352551549 79.35
1353358218 19.36
1355719961 72.44
1358226268 97.00
1358898566 3.04
1360264637 91.31
1360499314 81.76
1363548016 51.62
1363961872 20.13
1364482845 6.36
1367009928 16.77
1367546106 7.35
1367657575 65.71
1369569381 53.08
1369594844 19.49
1373699370 0.80
1375343426 55.08
1377633662 63.14
1378357589 55.21
1378871986 13.12
1379146951 7.73
1381666819 93.09
1382032469 79.18
1382779375 51.78
1383237891 26.49
1384741911 30.25
1385944622 39.79
1386104172 35.35
1386107379 35.84
1386265328 87.80
1387165692 9.99
1389992989 14.44
1391222434 70.89
1393012234 46.31
1393956897 1.43
1397874248 53.43
1398396443 21.20
1398588022 67.26
1399873941 8.89
1400759881 89.40
1400776894 64.31
1402216895 94.74
1403609854 12.70
1403707823 62.53
1404325347 38.86
1405944182 63.20
1406070190 91.29
1408546437 31.65
1410433912 7.85
1410606096 36.26
1411860244 25.92
1413956493 75.36
1415558070 84.11
1415921138 13.46
1415931386 94.82
1418723033 3.77
1419409643 64.12
1421498869 57.95
1422163865 53.32
1422552350 17.86
1422792569 52.25
1424152863 0.13
1424602560 29.04
1425606321 48.55
1425943133 68.45
1426950258 75.44
1431630181 84.66
1431949887 99.14
1432218458 17.70
1433839652 55.64
1433889418 90.79
1434820275 71.49
1436302023 20.21
1436430113 70.04
1439050793 28.24
1440802812 50.99
1441704054 38.64
1442452122 8.58
1444315160 94.66
1448295432 79.13
1449999733 37.62
1451468244 80.22
1452317071 78.82
1453099397 90.82
1453135744 31.11
1454281200 92.80
1457089746 16.68
1457472656 90.97
1458244954 97.01
1458707113 14.26
1459875945 80.27
1459963774 63.83
1460028717 33.84
1462613265 86.80
1464222905 7.49
1464405574 49.85
1466588165 62.76
1467026994 43.38
1469306787 96.43
1469519579 11.40
1469977707 38.48
1470757134 15.55
1471218386 93.31
1472861689 54.41
1473451965 95.85
1473868762 21.76
1474149235 45.93
1477054282 92.88
1477764695 86.97
1478924026 19.91
1479581137 83.33
1479822392 38.24
1480583887 84.07
1481345198 5.02
1482582215 87.51
1485189427 78.95
1485291091 10.96
1489977991 44.57
1490402389 7.02
1490763714 90.36
1493114885 43.87
1497156258 36.94
1497693634 75.38
1498134110 67.29
1498277481 58.32
1499853322 17.55
1502994617 92.92
1503145765 64.34
1504022011 74.27
1504504817 69.28
1504724484 29.03
1505525545 32.48
1505743889 35.62
1509917186 58.90
1511971551 0.93
1512450766 56.57
1513728224 57.93
1513742822 7.32
1514332649 85.33
1515245058 10.67
1519243974 55.75
1519587372 84.67
1520360575 94.06
1520948382 34.20
1522594966 32.97
1525326888 97.64
1525784062 85.94
1527427136 59.01
1528489012 66.57
1529490174 72.15
1531405705 20.27
1531730717 14.17
1532669018 71.48
1535004588 64.92
1539246142 42.19
1542590617 7.22
1543015817 25.34
1545036027 36.52
1547769402 6.90
1548165995 83.00
1550018512 4.61
1550776759 59.08
1553098274 92.20
1555154615 40.55
1555601388 69.25
1557609728 89.53
1559687376 5.37
1564497227 77.08
1565416342 79.84
1566461669 96.97
1568906624 90.89
1568936878 44.20
1569100240 59.07
1570367672 90.61
1571026329 90.25
1572747442 78.05
1572892323 54.78
1572943117 2.36
1573314631 50.93
1574659966 39.68
1575863856 67.28
1577074283 4.94
1578927153 18.79
1580035149 14.75
1580176582 86.12
1581912081 28.94
1582508423 46.53
1583343160 75.30
1583382822 31.17
1584862265 15.01
1585080802 55.66
1585512549 64.54
1586099577 78.15
1588050876 54.03
1591044650 74.93
1591144464 13.91
1591563508 93.11
1591647634 49.93
1593184343 93.92
1593890272 62.13
1594032045 13.77
1596446392 21.13
1596463278 51.15
1597575589 32.69
1598435732 47.88
1598518956 69.09
1599573365 97.96
1599660946 0.16
1600087923 15.14
1601980250 66.98
1602330940 25.87
1602386018 85.33
1602764644 47.74
1605640154 74.63
1605694737 39.44
1605779248 66.74
1610688978 1.98
1611735081 4.96
1611779071 4.26
1612678419 67.33
1613183596 19.84
1613344681 39.32
1613507293 1.69
1616113514 99.29
1617364718 90.87
1618836698 68.30
1619166319 60.36
1619796593 29.19
1621237515 88.56
1622453670 31.18
1624981096 89.60
1626739688 36.46
1627277692 22.86
1627965961 74.87
1628357305 51.54
1628455357 51.18
1630670833 46.04
1630970140 0.59
1631568398 40.30
1632497382 25.89
1634397214 43.08
1636544899 41.04
1637494577 67.21
1637636152 40.99
1638311053 33.24
1638404620 38.93
1638508849 70.49
1640458323 18.62
1640517741 65.41
1641488290 80.55
1641858106 46.26
1642073169 11.73
1642250848 84.79
1642705958 76.61
1645512880 54.81
1646197795 36.51
1646299702 9.53
1646808732 35.75
1648108513 63.72
1650617391 59.78
1652033312 1.08
1652050646 26.46
1652863648 53.78
1655801266 72.23
1656900791 10.75
1657088701 7.98
1659162841 97.79
1659635415 0.56
1660956243 61.35
1661733326 82.34
1663445462 5.75
1664430096 50.37
1664489109 65.28
1665097341 35.17
1666995741 76.12
1667448577 76.76
1668790713 9.58
1669864548 66.27
1669965902 96.58
1671123371 83.18
1671597586 52.35
1671737240 63.66
1673749567 79.03
1674291831 43.63
1675319171 85.67
1675572380 49.36
1675991351 95.92
1676684266 1.15
1678569230 53.58
1681318066 54.23
1682057320 55.19
1683005150 88.00
1683211337 64.15
1683924733 47.52
1685641462 79.97
1686647100 66.87
1687274491 89.89
1687445306 30.47
1689130147 83.23
1690660755 32.15
1690789500 67.83
1691465062 54.35
1692057849 19.56
1692609408 94.81
1693142002 86.04
1694657365 44.28
1694669398 94.12
1695202119 66.71
1696530578 6.14
1698958783 27.56
1699479986 69.89
1700030244 49.60
1700476333 18.42
1700900393 73.21
1701951780 58.07
1703915783 95.23
1704449494 57.12
1705084128 11.15
1705834386 54.39
1706245829 69.99
1706964182 39.88
1707438790 60.56
1708482327 32.39
1710610017 7.17
1711036374 82.28
1711656311 11.52
1711692281 89.42
1712320793 18.91
1713569123 77.31
1715633077 42.57
1716640341 11.29
1716768934 0.33
1717379888 93.23
1717590709 5.76
1717828685 59.14
1717930443 89.73
1718410165 56.86
1718532902 27.98
1719533133 60.39
1721476836 76.55
1727467864 38.42
1727767421 74.00
1729305997 4.68
1729383935 44.34
1729436011 21.19
1731071228 4.74
1731467188 56.06
1733893778 44.43
1736913590 8.46
1737340530 68.38
