3999206 95.72
4233084 98.24
4591191 68.79
6700411 69.72
6896927 61.85
8823128 80.40
8993585 51.92
9133095 61.15
10047813 60.12
11555399 1.50
12170300 45.74
12296943 98.28
12747652 34.98
13458004 76.80
13926574 6.34
14275013 60.61
15996307 48.13
16081304 57.45
16413036 81.75
17974829 78.10
17984818 44.85
18146852 10.77
18483855 32.04
19124340 63.64
19185865 49.44
19614020 50.88
20688888 8.36
21019806 87.21
21250350 44.35
22671889 18.43
24694607 33.65
25583413 18.30
25918805 63.28
25943728 35.42
26315886 57.54
26747878 22.62
26939123 33.30
27909172 76.97
28147325 63.22
28439911 34.82
29009269 36.01
29142960 45.91
29632117 53.49
29990898 66.75
30329918 64.26
31134998 41.04
31311111 80.01
32345537 50.55
32934278 20.06
32944085 67.03
33096930 68.76
33202093 98.65
33469036 35.72
33486517 46.44
33520335 37.70
33560933 28.04
33652643 91.27
33786423 59.40
34849828 45.99
36068982 94.07
36104460 97.05
36743684 76.86
37192847 71.91
37577011 90.46
37683179 25.27
37705625 24.49
37870065 3.30
38244187 93.95
38488108 23.48
38842279 34.04
39419257 65.10
39513324 84.84
40614580 73.48
40882255 37.79
41011333 19.83
41070211 45.29
41106648 96.36
41317466 4.68
41342497 64.85
42775317 21.08
43814603 27.34
44532458 13.89
44656113 73.27
45658231 38.25
46558449 37.74
47955206 85.56
48312553 70.92
48599927 46.16
51238248 6.28
51464458 68.99
51858931 15.74
52777240 54.08
52911787 31.90
53236106 53.29
53565603 89.15
54415461 4.39
54627491 29.07
54828441 22.63
54904645 28.91
55447594 84.99
56338319 1.40
56748503 95.92
57971600 80.48
58122754 81.27
59751202 78.04
60418258 82.09
61949121 88.86
63103206 26.58
63395327 9.16
63678369 89.64
64037306 37.34
64675858 89.63
64928694 47.69
65500803 76.96
66549767 49.16
67394242 22.64
67757122 54.83
67860347 44.11
70021510 10.48
70042685 56.26
70679696 28.20
71821085 49.20
72559029 78.46
73289632 26.80
73294477 25.95
73558594 12.72
73715068 45.91
73717252 89.84
73882352 94.85
73918943 59.74
74206794 88.85
74214132 2.03
74830834 24.82
75190762 98.85
76243363 57.16
76901368 54.21
78500667 99.50
78639002 10.96
80215659 15.31
80330955 93.08
81339025 10.70
81457527 5.37
81713821 65.01
82072456 55.57
83016141 38.23
83525403 41.17
83762041 16.89
85608236 99.96
85650107 37.98
86035391 94.93
86151088 68.77
86449304 43.43
86629977 97.12
86744359 64.34
86931387 87.36
88049065 0.59
89161021 53.75
89176688 6.44
90632864 84.64
91217787 10.90
91604349 76.83
91625205 29.23
91826436 2.45
92539062 19.93
92607430 29.69
95343345 61.40
95575593 25.34
96065691 50.32
96501326 99.84
96927912 99.45
97082676 63.98
97407995 3.38
97484431 80.95
97623761 37.58
97657849 92.22
98299913 21.87
98634802 27.64
98691878 54.49
100084628 45.82
100502728 3.41
101363043 5.69
101649447 53.03
101987239 45.06
102070613 13.24
102628090 90.28
102784235 43.96
104570496 19.65
104889538 99.18
105187128 62.02
105709899 53.63
106187551 63.87
106658628 81.37
106884394 0.05
108255996 47.02
108478912 66.20
108864037 36.49
109075420 19.88
109806074 3.32
109962396 20.91
110027762 32.54
110970499 0.36
111104104 40.72
111457860 17.75
111754751 15.18
112012490 35.97
112449012 42.63
112513056 17.71
113521650 19.53
114350196 90.46
115112078 0.33
115260457 1.44
115666996 86.24
116137532 62.35
116192019 71.49
116368343 94.18
117111589 46.10
118310953 9.83
119764133 50.31
121046261 23.05
121522326 21.72
121733421 37.42
121742136 67.47
122483162 72.95
123286053 23.55
123416037 97.96
125096130 54.36
125630748 40.22
126356994 23.09
126411004 47.32
126581363 47.98
126609142 43.56
128313230 39.61
128607448 85.93
128935136 98.68
130107530 30.03
130331538 81.65
131077707 7.61
131972029 50.86
132409266 43.09
133186439 90.38
133508628 86.20
134118506 20.26
134670269 60.84
136136993 62.35
136145886 93.34
136213031 17.02
136868915 58.55
136875350 89.00
137210423 35.17
137472809 77.25
137798230 90.83
138720788 43.08
138884617 46.64
139471714 57.08
140251173 27.91
140434691 25.23
140686168 76.16
140715517 78.11
141009193 30.49
141833882 39.91
141973480 54.82
142031922 86.24
143403348 68.41
143479486 66.55
143971252 47.81
144011875 18.95
144548331 17.47
144992102 0.03
145472403 43.22
146867765 33.39
148010440 92.41
148556204 17.53
150164861 25.41
150867504 52.07
151743709 71.13
152382634 98.01
152788709 13.85
152839270 64.65
153394600 31.87
153436650 54.42
153676662 19.27
154156804 54.85
154420303 58.84
155463466 56.97
155823181 63.13
156799056 67.10
157238226 59.59
157564465 38.91
157598999 68.29
157957611 93.24
158126754 5.26
158381160 48.74
158786277 69.04
159280206 70.19
160493512 29.39
160623615 19.65
161095478 24.65
161154944 23.28
161794020 59.77
161830230 74.47
162144166 9.53
162212471 9.93
162393059 83.10
163086266 64.77
164027724 55.54
164423983 75.31
165924112 55.17
166901098 84.91
168477121 32.88
169500857 66.16
169824007 77.25
170392372 36.92
170907104 82.76
171212856 27.51
171279346 1.81
172061139 32.50
172074190 14.07
172221315 60.83
173924674 97.38
174086592 34.69
174868242 31.37
175576812 72.45
176316016 69.91
177712666 34.24
177780182 48.36
178245881 33.41
178261662 46.08
178632106 44.23
178981772 35.91
179058586 43.94
179417343 8.00
179829964 10.06
180591252 65.40
180683469 40.12
180842669 63.17
181256701 96.48
182447300 21.23
183381720 19.82
183515860 93.15
184796653 23.48
185018443 95.84
185316963 63.78
185698052 82.60
185866468 38.77
186442997 85.45
187636976 7.75
187841867 65.18
190213310 18.21
190275963 71.45
190432573 93.20
191613037 49.45
192014808 92.01
192037562 20.32
192126934 56.84
192383741 36.39
193641289 64.05
193846032 47.12
194425904 88.28
194820081 7.26
194927097 49.91
195117076 63.02
195127400 17.70
195892186 81.90
196396874 32.66
196498179 64.01
198289863 83.31
198829145 42.22
199125850 78.63
199435475 42.97
200488476 29.28
200758579 52.03
201035240 8.88
201725283 38.02
203071851 20.61
203150105 70.39
205017792 92.95
205247446 67.79
205741395 30.34
209492557 70.05
209589172 16.63
209608614 33.57
209759502 43.26
211326019 2.29
212078067 90.83
213652916 3.67
214148553 89.33
214202608 92.23
214321050 87.18
214385136 0.25
214930953 17.56
215163740 76.66
216023871 54.06
216829967 53.49
217316184 19.75
217449991 25.77
218093302 23.19
218280362 24.45
218628096 83.94
218838755 5.60
218885810 87.46
219088279 15.82
219332338 54.53
219400410 63.58
219461742 32.82
219472841 41.75
219844340 84.79
220403371 63.56
222702241 88.00
223061112 27.56
223135047 46.54
223833427 90.79
224304350 89.04
225384060 20.51
226771410 70.31
226781574 18.27
227186574 22.39
227417896 53.51
227988040 94.19
230349474 65.63
230607830 70.09
231165343 97.65
231646447 37.52
231655758 16.34
233003517 91.25
233010110 92.28
233199615 24.69
233796651 19.33
234274804 48.16
235316021 82.07
236664692 15.87
236927286 32.03
237546999 98.07
237701101 0.26
237768988 52.83
238587517 82.09
238638087 81.99
239556076 1.46
240983882 54.71
241096926 44.27
241894078 41.14
242735099 21.79
242865154 13.65
243065171 97.90
243543231 96.22
244468237 99.35
245077696 6.65
245145363 83.82
245316585 7.94
245368152 58.11
245430568 15.23
245444807 63.96
245689548 89.94
245890346 73.33
246312269 47.01
246314097 78.97
246866959 12.96
246904005 34.18
247149653 36.12
247591966 72.62
247622552 46.12
247655592 42.45
247898372 19.63
247947905 15.42
248027918 79.38
248288422 13.72
248381973 93.82
248775678 4.71
249418827 38.32
249610853 11.67
250280050 84.63
250771484 51.13
251622792 15.88
252265916 84.21
252572997 30.46
252719402 66.82
254657516 18.80
254979460 58.42
255985425 4.21
256797912 91.00
257224274 6.46
257681990 25.17
257702171 30.32
257815477 33.27
258252451 23.09
258281596 7.72
259282746 11.98
259381115 74.29
259792700 34.88
260462784 70.41
260960099 41.06
261071470 44.08
262389958 57.54
264537125 95.24
264559366 24.59
264667322 68.56
265143466 29.24
265875204 68.07
266658670 43.40
267081214 88.55
267161460 12.82
268051317 23.52
268357732 4.11
268648470 82.35
269848545 22.90
269922865 69.78
271723334 84.03
271849423 25.79
272350547 90.59
273332861 12.81
273604354 68.38
273718547 64.94
274018827 51.60
274215344 75.33
274719705 82.72
275713772 68.12
276302624 56.93
276307684 75.61
276593976 14.63
277436965 5.05
277492793 32.53
277789562 73.43
278884085 77.80
279136212 74.23
279961843 21.11
280106330 14.73
280511214 74.72
280748452 92.44
280919077 99.72
282913247 68.10
284826126 94.58
284981089 74.00
285449817 58.60
285615996 26.66
285770194 32.53
285913494 42.58
286550810 44.83
287170016 14.90
287219389 35.01
287423465 15.39
287431269 49.19
287786849 70.38
289205000 92.26
289597998 72.23
290223597 98.29
290756266 31.24
290964356 60.12
291025249 31.11
291283402 48.40
291863669 25.22
292979999 16.56
293524223 61.89
294155802 62.07
294183820 62.85
294663688 16.21
294790019 30.91
294973384 49.99
295654995 7.46
296419352 69.63
296774620 73.93
297006204 23.87
297858705 27.17
297912308 67.86
298421070 51.32
298450939 49.67
300621857 2.42
300644335 58.93
301018530 3.17
302248304 75.60
302278613 9.23
302347426 89.19
302395285 35.80
303596408 29.23
303696320 23.55
304066501 34.81
304561091 45.75
304569123 83.99
304957477 31.36
305983477 44.08
306390989 76.51
307403988 5.73
307749279 75.64
308193815 95.28
308931831 77.57
309078501 52.48
309834731 88.81
310072165 84.72
310222211 43.00
311251930 23.57
312029299 97.06
312172269 44.01
312388771 62.21
313239546 82.12
313892551 65.64
313925388 43.76
313969571 80.57
314436231 1.84
314712939 5.99
314951145 51.94
316062424 85.24
317880764 57.51
318253553 16.28
318337965 4.65
319949552 73.15
320698543 92.65
322962790 45.00
323026372 35.27
324895676 32.45
325527950 41.28
325970719 81.23
327324642 55.14
329030637 39.73
329989457 46.32
330007504 5.61
330028348 56.69
330040744 15.94
331140178 12.08
331332593 28.19
333072320 70.97
333186236 96.62
333403943 39.17
333423383 19.97
333666691 22.59
333728474 54.93
334247318 41.08
334390949 45.83
334464058 59.94
334660427 40.35
334707924 61.14
335016442 71.99
335064096 79.77
335137050 43.03
336081758 24.83
336421440 84.68
336519241 98.75
337282855 84.91
337309478 97.00
337544372 74.16
337633541 56.00
337780698 96.52
338056425 75.99
338298064 54.26
339565979 63.61
339810826 41.48
340351407 44.27
340986343 39.92
340990209 98.54
341966761 16.94
342296478 43.72
343078355 92.29
343155098 88.30
343290254 20.75
343542279 74.04
343859274 29.80
344848520 13.26
345423598 11.32
345712168 13.80
346502700 71.75
346774796 73.53
347265072 35.92
351243063 31.77
351744065 12.98
352885140 60.00
353126935 88.23
353695936 88.43
353750436 18.95
353983586 50.99
354091875 62.27
354204147 80.84
354334628 86.04
354538847 36.90
354569760 69.29
354583750 32.12
354957393 17.24
355207853 77.45
355482833 72.16
355830220 16.79
356686428 55.58
358318164 35.47
358609322 87.59
358681510 3.80
358735505 27.93
359349878 31.21
359616404 67.57
361402451 91.80
361990398 46.22
362703045 45.16
363579008 91.28
364034019 44.17
364112479 16.37
364279053 51.13
364377918 91.68
364872924 4.22
365457952 62.31
366763396 70.69
367202681 91.23
368174824 89.00
369979441 57.61
370109597 40.06
370138096 51.47
370366658 9.39
370796190 6.75
371821132 37.88
372065674 38.88
373075516 92.06
373530362 13.40
374087070 81.08
374575239 14.55
374751905 17.18
375317596 36.72
375496640 9.81
376098422 43.72
376802866 27.98
377240065 38.98
380694684 69.62
381534156 88.89
382536158 73.27
383538994 64.50
383731924 36.66
384056803 77.25
384837734 95.13
385391569 82.18
385482208 57.96
385981270 98.89
386270051 12.15
386654651 9.22
387257777 65.68
388275652 25.17
388336615 40.11
389867164 57.38
390444759 18.67
390975881 31.81
393752388 60.96
394120308 81.47
394770195 7.21
395117995 43.80
395259608 4.24
395377220 16.61
396117524 91.07
396839072 81.08
397553047 24.99
397703632 24.99
398104665 31.89
398470719 18.26
399531842 32.64
399921966 63.91
402022111 35.02
402665825 64.65
404026474 40.91
404034856 3.65
404352102 81.45
404706143 27.39
404942453 91.67
405763327 66.03
406064649 66.11
407207012 87.29
408024995 34.81
408419732 72.99
408459330 8.85
409512485 77.94
409554667 70.21
409640641 20.39
409921015 84.68
410736274 45.99
412810190 24.59
413898348 95.90
414250054 29.43
414468125 70.41
414856051 83.82
415225327 91.73
415642367 95.12
417038596 1.98
417651774 46.09
418098554 14.81
421755430 42.97
422003396 15.65
423267916 27.35
423748802 91.49
424162008 14.50
425144701 35.25
426924236 72.12
428974428 58.04
429497071 21.17
430123849 17.28
431522155 5.53
431636226 82.03
431756431 99.91
432351202 16.00
435021138 93.65
436858569 11.24
436943326 83.76
436991234 44.85
437281196 85.25
439203162 63.82
439408819 99.34
439797641 67.00
442637349 88.22
443957384 5.97
445317668 36.68
446234771 82.60
447491381 60.60
447519999 87.86
448328818 78.37
448791174 5.41
449343687 19.44
450419724 29.80
451230572 34.34
452073447 80.30
452495266 90.22
453551986 28.86
454861973 79.25
455301362 42.60
456329991 26.87
456878169 57.45
457475865 41.82
458087409 59.55
458411166 25.60
459733683 56.62
460504733 11.30
460786563 6.46
461318780 71.77
461944014 67.80
463172867 63.28
463701888 40.40
463981296 70.02
464509754 60.20
466816934 46.34
467462373 96.72
467576730 41.24
468223209 84.42
468870996 63.16
471600108 51.13
475349022 33.01
476272865 70.73
478275324 71.34
478789007 27.27
480331936 66.66
480370954 21.92
482030868 93.79
483314351 16.90
485448678 35.80
485631921 50.34
485936564 89.94
486396680 76.65
487702333 11.66
491653579 96.31
492960453 8.32
493445211 75.97
494498846 82.19
498235336 98.86
498413591 80.24
499463109 78.74
499536272 47.68
499604669 95.00
502025878 98.70
502876350 8.92
503964984 97.07
504830973 49.48
506418268 46.02
507919862 11.96
508055787 90.24
512063643 17.59
514219539 38.32
514528472 34.69
516251547 39.36
517710277 89.29
518875517 47.86
519990620 80.84
520403911 89.80
521437577 42.66
521488788 38.96
522400555 63.36
523012915 26.21
523781127 98.23
523880522 79.41
527406538 3.84
528489112 87.79
528523220 19.35
528705915 31.53
529128399 71.53
529162253 13.31
529777881 28.92
529830785 4.20
530097435 96.76
537157899 75.39
537280701 71.06
539096557 41.93
540376780 56.84
542573818 13.51
545591202 3.58
545626691 3.34
546237890 36.92
546930821 67.74
547965124 81.19
550553189 36.34
551282230 38.39
551635820 0.28
552708779 27.65
553016149 94.14
553148926 88.06
554705646 80.82
556787049 99.51
557048388 72.30
558990216 57.21
559000754 78.87
559373296 3.40
560084764 11.34
560442415 5.50
560640830 78.08
561706428 5.71
562941920 17.92
563067544 7.13
566693198 17.28
567408943 97.08
567505896 51.32
569199483 44.30
570929626 67.73
574961818 46.60
578744994 42.82
579402795 74.54
579479879 45.95
579595394 15.53
579898686 29.03
579938078 42.47
581155315 0.36
581436081 69.04
581765910 19.66
582459313 79.52
583001726 86.55
584163172 87.54
585179001 75.81
586667683 21.91
587837905 5.22
588136024 92.61
589306943 84.24
589861776 20.67
589897127 63.24
591370814 99.69
591660573 21.88
591986944 86.44
592005911 70.13
592498544 52.56
592950671 28.04
593430651 20.76
593483859 89.32
593982277 56.70
595188734 19.99
595510107 7.16
595619527 90.09
596021746 28.01
600279736 3.80
603270447 26.29
605562050 86.04
606252087 22.28
607909467 4.77
608809956 35.71
609139422 76.92
610277605 65.50
611080613 1.24
611440835 3.37
613194358 3.40
613656329 59.96
617033960 17.44
618282519 0.34
619520312 5.15
620126348 93.32
621504214 30.77
621527678 25.25
623309769 49.04
624085052 44.03
625808593 5.79
626053430 87.44
626255057 64.39
626519782 22.20
627415436 34.69
629128641 24.93
629783160 50.91
631851419 21.05
631887481 61.39
632079069 20.08
634272840 55.59
639093136 54.92
639159787 52.02
639300042 73.40
639985925 46.86
640712491 75.66
640938066 92.97
641454218 13.73
641492078 43.93
642962349 53.26
645289205 84.72
646207292 11.52
647633526 58.73
649449994 24.91
649898722 93.99
650523828 77.06
651757692 71.31
652161896 91.71
652669062 35.45
654155715 3.99
655553954 31.55
656544039 25.74
657047766 76.75
658320056 92.35
658973460 20.28
660892868 75.79
661126889 12.32
661406981 1.82
663626533 86.47
664955557 48.98
665100362 88.86
667574980 43.19
667916992 90.62
668531997 98.62
669727632 44.84
671293561 94.23
671615819 86.88
671716865 51.63
671777782 71.82
672333415 64.25
672429534 48.11
673179196 21.63
674279839 62.41
674585635 23.19
674634821 14.21
675019125 78.08
676659999 97.15
678386426 72.46
680046882 38.27
680679773 46.29
681318561 63.10
681681132 61.66
682035330 46.58
682103320 89.41
684779979 1.67
685880188 36.54
686597176 90.88
687039447 31.97
687654888 54.96
692159516 70.00
693197819 63.45
696177135 64.76
696731889 23.66
696762456 82.88
700300725 69.02
700333628 39.76
701734698 73.49
702600577 38.20
702852839 39.60
705208479 61.47
705412326 90.29
705670539 76.26
706739518 48.56
707475147 32.24
708653571 89.22
709318744 32.98
709631380 92.56
711233396 47.57
712265356 73.01
713226798 74.66
714497892 78.54
715075299 90.68
715364288 98.97
715652851 9.44
715720255 63.25
716131304 59.27
716175019 2.85
717780572 57.92
718426832 93.77
719617407 5.79
720584290 39.84
723631141 12.13
724689691 18.87
726015559 52.46
726597388 6.61
730905262 49.81
731874691 26.55
736167915 44.25
736366526 22.08
736804324 22.53
737217045 31.59
737431712 41.34
739146143 85.40
739280620 98.32
740297488 11.32
740679111 79.52
742504523 27.31
745395597 32.15
747202743 49.79
747579470 47.27
747952863 99.37
748244944 43.63
749424861 65.59
750068952 57.61
751128962 46.55
752451029 82.54
753334208 21.78
753876251 6.44
755445958 24.29
756106372 22.92
758185456 87.28
758929838 51.20
758956819 47.87
760117923 68.92
760336519 25.70
760889132 46.73
761059830 86.65
764031080 35.34
764238210 1.50
765780077 50.55
766611587 17.43
766928595 42.58
767126758 61.52
767270926 40.81
767320762 40.86
769013960 54.61
769829308 74.15
770299555 41.56
772087383 82.94
772727936 43.30
774616924 9.41
776925938 35.93
777829948 41.34
778723920 60.09
781221844 17.37
782130312 78.84
782670433 69.43
784923284 80.54
785137264 62.67
786063566 48.05
786650140 94.35
786676804 12.83
789724404 69.55
790129009 22.49
790567432 30.22
791189134 3.01
793870506 29.18
795479066 70.74
797831745 37.34
797901436 3.71
801380610 93.20
801769014 44.07
803484584 83.39
805580482 76.73
806567298 50.09
808334345 28.80
810537697 79.45
810842985 60.67
811864995 89.61
817423376 79.60
817944666 44.02
819285664 76.71
819880508 61.91
820112712 15.25
821622514 99.75
822485712 32.32
822792123 56.15
822877108 48.63
825107596 46.80
826451910 99.61
827287509 4.72
829028757 45.50
830150052 67.92
831074281 80.66
831111562 98.33
831178895 19.17
835726890 62.37
836108084 28.54
836179048 11.55
840599430 74.31
841780566 37.13
842782598 0.08
842844170 69.65
845893064 8.95
846931867 37.40
848422442 40.01
849954379 53.96
850171198 86.82
850672178 49.54
850714913 20.99
851549559 18.92
852606103 77.24
852837992 88.53
853877737 38.92
855496830 25.32
855616177 39.14
857359234 55.02
857700076 60.55
857818857 46.75
861116515 78.59
862251797 96.10
862768218 27.69
863057753 2.20
867904815 26.68
870710942 89.23
870880327 89.71
870979731 83.52
872590754 45.02
872972524 19.51
873823788 41.17
874074628 47.03
874374524 58.34
876176534 68.46
876555587 96.76
877023673 1.37
877520165 65.93
878521715 82.67
878756929 26.71
879404399 27.26
879830655 63.77
880750241 91.03
881860659 52.53
882329150 89.02
883583473 90.93
883592253 45.53
883920144 12.96
884066330 21.04
884615339 17.79
887271226 80.01
888421653 17.67
888459121 64.43
889166002 71.75
889873109 26.42
892094354 53.58
893692459 86.82
893936527 22.64
894784455 62.78
895823121 29.17
896588234 52.26
897253682 15.27
898650760 13.56
899836365 17.68
900283058 0.78
901941819 87.94
903063422 75.92
903070598 46.24
903529331 55.67
904637711 54.04
904844841 56.67
907704969 30.82
907782111 86.76
912749712 64.50
915469611 23.56
917500000 19.27
920211579 35.93
923897477 55.16
924230209 12.99
924780284 72.36
925574576 9.98
925789650 24.22
927164769 73.38
927962538 90.39
928619569 8.21
928655599 70.31
928781023 45.52
930325817 98.99
931098142 42.92
931871276 55.48
934159088 61.86
935141140 86.21
935984283 74.93
938044143 61.61
940483235 61.12
940948625 12.54
941885458 79.56
942425074 94.80
942862988 54.90
944083278 66.97
944894199 4.15
946725646 90.86
948652560 79.79
949301103 19.45
950590239 42.27
953527204 11.01
954994734 40.47
957536819 37.02
959212772 83.62
959586271 51.14
959989212 35.60
966583208 83.35
966624462 6.66
967834836 36.61
969521520 42.38
971275034 29.78
972968899 46.22
973342220 97.28
973348117 6.07
973768432 2.24
975271876 34.15
976032554 66.79
977592483 96.18
980363012 2.87
981890731 97.56
982411533 43.82
983646298 32.67
984549447 29.81
984658481 37.72
984965050 16.61
987200771 88.62
989136278 3.06
992284163 59.73
992681875 69.69
993555450 1.12
994449977 98.72
995921016 85.81
996535850 53.84
996641314 51.85
999039800 37.41
999243290 28.77
999563844 66.61
1000536149 76.20
1002530746 10.47
1002940601 30.91
1003377854 33.21
1004130901 23.68
1004329935 95.12
1005242876 33.70
1005956456 41.95
1008269039 73.83
1008527022 3.70
1010180459 86.18
1010833825 27.45
1011723926 47.23
1011822705 33.76
1012639602 57.26
1014592437 88.66
1015582784 17.19
1016431492 51.93
1017644141 4.66
1019669134 94.65
1021428309 26.32
1021613972 70.26
1023164109 58.21
1023289942 74.05
1023747887 44.32
1023797903 33.44
1024670854 52.72
1026417027 38.25
1026749394 87.00
1027509049 84.03
1027694233 85.97
1027748701 22.73
1029693888 54.77
1029874260 3.87
1032634050 43.30
1033160186 74.94
1034517957 45.74
1034747879 63.34
1035062272 21.91
1036665644 79.84
1036906504 47.10
1037562065 2.02
1038411746 68.87
1038546475 98.96
1039874442 47.95
1041407862 9.71
1046214083 87.32
1046487831 40.74
1047017061 80.96
1047760124 60.55
1050060611 54.18
1050234817 20.13
1053390329 10.22
1054119249 12.27
1055638368 4.96
1057086901 8.63
1057109853 51.27
1057515590 59.45
1059439360 36.30
1061095008 21.55
1061777238 35.30
1064285591 94.61
1065006712 82.26
1068306329 99.70
1069756132 52.27
1072398002 13.77
1074827084 32.58
1075269055 52.67
1075280017 36.01
1075608017 86.60
1077089081 11.91
1078636624 26.28
1082811081 10.76
1083821025 7.08
1083965136 6.38
1084411632 79.69
1084701428 84.00
1088371106 44.30
1088716633 57.78
1088939069 3.36
1090855362 20.82
1096711819 71.19
1097398149 71.94
1097682797 88.36
1098236952 36.86
1098386449 61.18
1101061344 97.96
1101506666 57.09
1103613403 24.69
1103790281 73.68
1104471250 51.16
1104704654 88.50
1104921184 12.66
1106290297 33.40
1109640974 68.57
1110213124 73.19
1110236830 4.14
1110342557 41.03
1112247365 74.54
1113791621 42.82
1114477475 5.78
1115133233 70.49
1115540951 25.34
1116364458 91.54
1116951254 49.38
1117705746 1.00
1118523106 77.38
1118643733 20.80
1120139082 89.59
1120680029 6.00
1122145344 60.41
1125792052 52.81
1126762315 63.46
1128157872 27.28
1128713316 54.48
1130183276 94.04
1130218411 33.49
1130357624 25.93
1131945740 7.94
1134195651 29.72
1134719650 95.77
1134893716 95.45
1137423100 71.40
1139985311 44.77
1140002255 86.38
1140656718 0.44
1141385769 19.66
1143125213 62.16
1143379934 47.69
1143744400 38.90
1143906657 36.42
1144126550 79.99
1144722599 53.07
1147115444 55.76
1150022078 93.33
1150532911 49.76
1150712512 53.36
1150716383 52.33
1153365850 5.15
1154269354 67.14
1155928242 99.19
1158578426 58.20
1158582640 5.18
1158605150 60.88
1158830154 10.22
1158860459 71.57
1159954707 4.70
1162637722 69.88
1162659862 39.68
1162916638 9.06
1162951723 45.01
1165757327 6.95
1169024708 83.40
1169073639 16.57
1169302957 19.89
1171129854 88.10
1173628189 22.15
1173921262 28.32
1174762292 85.13
1175438312 84.18
1175451647 97.63
1176256727 74.41
1178430530 24.63
1179219867 75.40
1179852231 10.53
1179992975 81.67
1180768964 34.08
1181467992 87.69
1182064864 82.38
1182553693 26.53
1183720535 33.24
1185798606 42.69
1185907025 87.55
1186070138 52.99
1186170536 8.38
1187532695 70.34
1187708015 66.27
1188370590 64.17
1189818350 86.20
1191597889 95.35
1191796931 11.35
1191832252 11.82
1192985948 70.31
1193014460 82.15
1193217066 99.63
1194882615 45.95
1195376236 81.54
1196571559 89.92
1197073861 41.18
1197489910 87.20
1199361358 5.51
1200563295 92.40
1201735032 1.76
1201861742 14.99
1202250263 30.05
1205764474 88.13
1206768608 97.75
1208747563 81.08
1212383753 13.22
1212883125 19.38
1213835088 85.50
1214441935 78.44
1214669572 56.09
1215319339 13.43
1216433553 32.18
1216961600 45.59
1219169523 44.21
1219592722 90.73
1220494517 84.62
1223215875 57.81
1223405568 23.85
1224084569 3.10
1224403013 13.24
1224704924 22.07
1224746913 76.83
1225187111 45.28
1225490521 54.57
1225710903 20.84
1226899518 79.19
1228626120 3.22
1228726595 0.00
1229134354 45.72
1229327507 97.49
1230027568 67.41
1230783922 65.37
1231114309 99.05
1231240628 96.91
1232303586 56.21
1233958244 52.16
1235304858 2.44
1235580788 48.13
1235678692 73.41
1235931293 50.54
1237306193 92.37
1237696553 88.16
1237796579 21.51
1238627678 11.62
1239116504 51.56
1239146360 49.48
1240202019 29.38
1241627905 88.23
1243563265 96.38
1244827426 70.95
1244955224 44.34
1245346357 58.24
1245585135 3.76
1246181019 45.29
1247027890 35.44
1248132668 45.67
1249958176 64.65
1251232306 29.05
1251965204 77.09
1252516136 72.45
1255912786 53.26
1255916851 57.81
1258333198 5.17
1260484443 68.80
1261183173 1.08
1261350737 46.09
1262013141 4.02
1262734710 87.03
1262858851 28.43
1264176798 16.02
1265661373 98.63
1266357051 17.74
1266500334 18.61
1266710343 94.77
1267370266 71.03
1272122100 25.55
1272875591 75.57
1274724814 38.13
1276351758 42.10
1279064596 58.89
1281195808 39.74
1283621690 34.55
1284526678 12.42
1284633427 16.85
1286856620 7.90
1289145154 60.82
1289628947 4.45
1290830283 17.74
1292627473 30.46
1293991902 11.32
1294911092 19.33
1295697087 80.16
1296409454 83.03
1299835188 48.19
1300206990 0.92
1300483432 98.45
1301379846 44.14
1302435462 33.50
1303355586 18.89
1306047925 68.75
1306399534 83.97
1308722747 36.42
1308827806 66.08
1309703280 25.97
1310906002 84.28
1311158041 6.07
1312455541 66.37
1312810089 39.32
1314141330 49.49
1316852510 69.75
1319287087 33.21
1319794232 47.48
1322330366 59.46
1322441640 80.64
1324263347 29.08
1326204950 98.24
1329305717 32.65
1330071186 88.66
1330102198 75.50
1330695470 18.19
1330917254 82.13
1333548210 27.65
1334525422 56.73
1334558272 56.23
1335968912 19.86
1336696397 4.99
1337366286 66.87
1337553635 40.36
1338085697 54.82
1338958799 52.67
1339594972 66.43
1340295514 78.02
1341302439 71.01
1341919136 53.45
1342684924 23.79
1342766962 50.45
1345571409 55.40
1347362265 12.74
1348787419 7.88
1348861254 56.33
1349710072 42.30
1352941060 83.71
1353103327 61.93
1353626194 72.74
1354494820 89.27
1354900707 7.95
1355599382 96.38
1356744489 1.64
1358799474 47.07
1360649206 93.73
1362856423 98.46
1362932172 32.89
1363744293 54.07
1365497702 30.59
1366477665 20.24
1366500625 7.44
1369845588 90.63
1370298260 27.79
1370544836 83.17
1372460121 86.07
1372655454 66.91
1373729242 87.84
1374342667 45.24
1374753991 60.51
1375647801 51.92
1377008551 39.72
1377750570 54.23
1377892258 19.92
1378084678 76.38
1378870214 93.08
1379075958 14.22
1379383930 95.32
1380945143 26.59
1383377174 83.83
1383492821 38.65
1383648754 61.49
1383694631 72.41
1385169552 43.71
1385650354 89.97
1386180953 18.02
1388486513 30.76
1389155110 9.73
1391905800 12.16
1392970280 74.00
1393342667 47.68
1395207134 69.32
1395298763 18.88
1396072300 63.65
1397421784 74.83
1400670823 11.34
1401433314 54.89
1401766217 89.16
1402479740 80.95
1406200293 66.03
1407219009 72.39
1407883343 5.42
1408293034 62.38
1408345535 68.98
1408931190 58.95
1409602515 32.88
1410928399 92.06
1413099601 92.21
1413925104 62.60
1414364203 85.65
1417502844 3.24
1417540045 38.84
1419159590 29.35
1419245216 54.70
1421416141 99.46
1422029744 73.32
1423402638 66.73
1425470559 65.68
1425594779 84.61
1426963561 10.65
1427405528 58.46
1428630438 53.93
1428727439 75.53
1428868773 44.44
1429084953 44.10
1431235048 90.76
1431578321 74.46
1433783657 75.99
1435654382 16.16
1435952549 34.44
1436480055 21.98
1436712768 22.95
1437471293 0.88
1439249398 97.65
1440082499 63.90
1440107105 94.32
1441462404 96.08
1441485599 79.73
1441676354 99.64
1443435936 72.27
1444267744 87.54
1444472549 27.42
1444607369 51.88
1445928659 97.48
1446345779 46.47
1448023979 46.36
1448569850 2.98
1448671186 44.50
1449627881 81.39
1450844909 49.12
1452454815 76.43
1452567531 18.08
1453823397 52.00
1454346555 71.18
1459792616 11.71
1461740121 93.54
1462790391 80.68
1463357222 20.97
1464524683 63.01
1466957392 71.71
1467682322 37.99
1469039848 31.64
1469089899 3.21
1469690351 88.50
1471047035 3.68
1471425609 26.45
1471465974 35.53
1471501266 61.97
1471628651 22.45
1471828091 30.31
1471918383 6.75
1474105184 30.83
1477148152 87.31
1479753917 44.99
1480307467 47.61
1482719974 6.17
1485523795 99.30
1486049600 99.77
1486594205 16.24
1487053462 94.35
1488743344 87.98
1489002397 52.75
1489105850 61.99
1489250518 76.28
1490893852 47.55
1491526350 4.06
1493696887 37.66
1495924985 48.53
1497272847 13.70
1497805933 31.84
1498063023 75.20
1498471683 51.99
1499475888 94.58
1500171263 88.48
1501446301 60.44
1503311900 37.32
1503591417 86.57
1505084392 57.18
1506825681 25.30
1507347321 77.75
1507510001 68.88
1509071269 44.00
1511190060 27.38
1512457600 10.48
1512582743 58.02
1512709131 52.71
1514393435 51.88
1519593167 50.32
1520847542 91.87
1521252884 12.40
1523772660 35.32
1524966066 53.51
1525133801 2.02
1525351539 91.21
1526496604 37.53
1527008280 76.97
1528288728 7.63
1530840379 61.80
1531252689 57.62
1534032130 40.62
1534852138 29.89
1536534469 26.95
1537022924 12.92
1540265819 63.82
1541322495 7.38
1541919543 82.39
1542606904 63.31
1543078208 80.71
1543614819 45.60
1544658104 27.32
1544728830 46.14
1545234943 12.17
1545536062 9.56
1545716834 86.66
1546105578 81.33
1546301673 31.51
1547100839 5.84
1548143504 20.63
1549364501 58.19
1553726488 36.83
1554185518 99.52
1556975941 90.79
1557170249 99.88
1557534050 24.54
1558843027 87.76
1559392431 72.16
1561968301 13.66
1562592825 79.99
1562792982 30.51
1562812004 21.58
1563972063 9.48
1564190623 52.21
1565523171 93.40
1565749179 85.02
1566482273 11.25
1566588377 74.06
1568691591 31.05
1570204490 64.81
1571878710 9.63
1573283909 4.39
1573584399 85.75
1574753406 64.01
1576056760 6.09
1577014448 36.49
1577395668 72.48
1577455448 97.08
1578588938 33.15
1579004187 23.17
1581666831 34.38
1582008619 34.13
1582507870 3.82
1583344420 43.50
1583682833 7.00
1585925688 90.39
1586492886 12.37
1587440285 7.01
1590019163 66.60
1590759421 46.31
1591290762 45.83
1591630853 67.26
1593432881 2.64
1593843588 18.72
1595548240 69.78
1599690569 37.77
1600232208 58.62
1600311114 53.57
1601419923 53.97
1602496252 77.24
1604356154 59.33
1607296159 60.87
1607671429 80.36
1607992279 66.92
1608019237 97.98
1609270546 36.91
1611594391 9.60
1615481476 54.98
1615969642 68.72
1616473441 20.77
1616902169 26.32
1617053190 89.32
1617307121 99.55
1617373522 79.15
1618626509 76.01
1619980682 30.95
1620667562 70.20
1620753479 3.92
1622133565 56.77
1625309258 67.53
1625819590 20.89
1626583679 40.30
1627480652 37.12
1630219259 49.74
1631806671 10.47
1631962532 32.27
1634187466 69.66
1635010224 51.43
1635564468 94.63
1638239257 15.99
1639131610 29.41
1639328274 11.42
1639601284 92.71
1642337928 83.92
1644410561 28.71
1646082948 37.69
1647403481 17.83
1647659623 30.83
1649172317 73.77
1649541776 74.96
1650237849 45.25
1652382481 25.50
1652973803 68.16
1653990159 29.32
1655863032 47.38
1660561674 58.93
1662686517 38.42
1662935286 71.31
1663616290 94.77
1665234878 42.29
1667800729 90.46
1669191869 89.09
1671699791 10.23
1672731662 77.44
1673202028 45.18
1674085275 49.65
1674464705 40.34
1678120005 53.71
1678606420 76.88
1678670469 92.31
1679769178 85.71
1681103264 55.03
1681775418 58.99
1682440134 94.76
1682865156 32.89
1684545727 26.75
1684836589 93.68
1686343853 52.99
1686935694 87.51
1687108760 53.66
1687959832 69.41
1688482541 25.16
1689401457 81.99
1692571879 95.78
1694661075 47.51
1694804477 85.18
1695724785 95.45
1695832997 49.82
1695924141 21.90
1696036468 84.32
1697986929 81.07
1699215374 3.99
1699361425 59.09
1699925262 61.33
1700081336 82.04
1701410591 5.19
1701965437 90.06
1706663575 30.80
1707114523 15.28
1708123290 93.21
1708509727 50.39
1708731998 64.42
1711159362 38.97
1711424746 54.91
1712853111 59.29
1713443707 46.66
1713638461 14.97
1715717811 85.95
1716546586 44.91
1718475274 90.02
1720815548 84.74
1723604559 61.17
1724178743 83.70
1725613179 41.05
1727969167 87.75
1728854126 91.59
1729061793 11.34
1729363513 18.80
1731599772 12.47
1731800483 73.77
1732333096 94.80
1734357224 4.24
1736530250 64.07
1736760464 58.11
1737150277 19.61
1738066030 71.03
