3215894 66.70
3304068 70.88
3563328 5.19
3912756 96.21
4433049 79.32
4480377 75.33
4819737 37.59
5561591 5.03
5830853 96.43
6260340 67.11
6426216 89.01
6757113 38.39
6847565 90.51
6926364 1.97
8715994 5.49
8802544 43.04
8850515 29.01
9171432 76.26
9289023 59.16
9960774 51.86
10524725 14.08
11647473 57.73
13043700 12.93
13141124 43.66
13353202 41.13
13922507 65.65
14833115 96.92
15750687 67.67
15864919 3.44
16026741 90.51
16121075 53.90
16919287 41.44
17256156 4.86
18939270 85.21
19023963 37.72
19190522 51.43
19532187 78.57
19814804 44.82
20212080 12.73
21470821 32.38
21516456 22.35
22483088 70.83
24202533 2.35
24439598 59.48
24545455 93.48
26355348 99.41
26715588 26.80
27981677 55.85
28253917 44.19
28471778 21.51
28694009 12.74
28756267 78.33
28904386 2.19
29110070 75.60
29364612 76.60
29536768 62.58
29630200 63.30
29654273 91.46
30079656 87.34
30796133 73.43
31222204 16.99
31660202 31.44
32189263 52.31
32702825 50.82
33117246 78.88
33129267 32.83
33753624 31.47
34039866 66.99
34062475 46.10
34373682 97.18
35054710 90.79
35632008 98.82
35875847 83.08
37033479 65.09
37157690 55.87
37296790 56.40
37577749 26.12
38853549 82.94
38955702 22.13
39883298 90.09
40301276 43.14
42866309 10.05
43779900 9.65
43825670 37.08
44083056 29.16
44099769 83.07
44339025 66.05
44600615 8.89
44975274 74.08
45240898 5.87
45523659 58.68
46241566 84.87
47413749 53.45
47983527 96.03
48001170 39.52
48531430 91.84
49384107 59.94
49531139 7.23
49556329 54.06
49837560 59.77
49868290 50.87
50493961 93.49
50665372 3.79
51917141 54.92
52255756 84.08
53006332 73.58
55268281 6.50
55603488 37.58
55798010 29.17
57033940 4.05
57243812 54.62
57379048 96.20
57469050 32.34
57550551 84.46
57589829 37.92
57830881 74.62
58053509 89.64
58272719 25.88
58630792 61.10
58690570 49.56
59537860 45.52
59611259 78.98
62595318 36.30
62867934 13.53
62983733 35.94
63426824 9.95
63512942 10.22
65139067 16.85
66486230 85.57
66997042 12.53
68532186 42.49
70553191 53.80
70560279 49.48
70787511 79.73
71230504 82.88
71447062 97.48
72722996 75.68
72777573 16.55
73833438 55.34
74792596 64.16
76324210 91.50
76457740 26.61
76902732 22.64
77364753 46.23
77524173 29.16
77945935 22.62
78427357 8.75
80189554 47.96
80600278 21.23
81273578 33.41
81558943 56.02
81605992 81.45
81799516 2.71
82388793 42.22
82702204 4.06
83136082 85.63
83221966 57.52
83313248 86.79
83514007 15.45
83594162 29.83
84293607 84.15
84758409 10.41
85743006 20.92
88031586 41.53
88314944 11.18
88327391 78.47
88329376 97.42
88844910 66.44
90506418 26.37
90719462 74.03
90725996 43.41
91565018 52.13
92167926 17.34
92174288 78.68
92205746 9.22
92232276 6.32
92346312 15.89
94586733 1.38
94958881 21.85
95108222 11.73
96139252 47.59
96245166 77.10
96245771 59.45
96535318 50.80
97137216 49.79
97557530 14.36
97733567 95.53
97772676 29.64
99357807 59.17
100122423 51.47
100305220 85.84
101266208 68.19
101565878 11.20
101859975 5.53
102410924 73.60
102478892 3.37
102897682 29.26
102993565 48.60
103002624 94.73
103251135 81.08
103682564 43.70
104169161 40.09
105150660 21.73
105505005 76.47
105859684 82.11
106614727 24.78
107996947 54.53
109061739 38.69
109485812 57.44
109738621 93.13
110135785 58.15
110705843 23.86
111332123 21.11
111877900 15.62
112654787 10.41
112813798 16.24
114205886 66.18
114430427 99.11
114709857 26.27
115997004 57.86
116120082 56.37
116351462 4.51
116547511 2.52
116661015 67.81
116960353 48.05
117224013 95.79
117325030 2.03
117703781 73.19
119485975 92.67
120781359 16.85
120848000 85.24
120932697 58.04
121440490 97.19
121607160 72.10
122852421 23.67
123049288 2.94
123971580 64.09
124160103 88.23
124162762 70.84
124547736 57.13
125759760 50.59
125901630 20.54
127316104 49.03
127694683 27.67
128778518 68.84
129904039 70.60
130202943 56.47
130336482 19.73
131039566 65.26
131553411 48.53
131665010 40.47
132404820 3.87
133016407 33.09
134954042 0.49
135286433 98.44
137936717 64.45
138050565 45.82
138648352 40.08
139998238 15.40
140232008 50.84
140546844 64.42
140680218 96.13
141427757 57.04
141533498 25.96
141707777 9.03
141832320 30.09
142405463 28.22
142760847 7.69
142915522 82.95
143528122 82.60
143975862 50.51
144067612 36.54
144087328 4.66
144317154 72.02
146947027 61.26
147205306 39.85
148006860 17.33
149328329 31.94
150748155 2.11
150888404 99.55
151452494 39.02
152211649 1.05
152615118 10.95
153685642 87.87
153900017 21.18
155541981 36.55
157225272 80.81
157778484 91.29
158362980 51.66
159056395 12.84
159759719 58.70
160759096 59.33
161001147 13.48
161143297 11.99
161160516 24.84
161366901 99.80
161660514 42.82
162014678 97.84
162093597 77.70
162169984 19.84
162344455 8.82
163232454 60.98
163459906 30.16
164009517 5.05
164368272 48.49
164383298 68.31
165632684 8.63
166036484 65.22
166441897 34.24
168058823 97.43
168240651 8.44
168407253 54.59
168744408 86.03
169092681 19.73
169198109 82.74
169750517 49.42
169874825 58.51
169985408 6.85
170021473 51.40
171054285 56.96
171752659 56.32
172131316 28.90
172673884 86.78
173112831 78.71
173125462 70.88
173826921 87.14
175249714 21.00
176193812 80.10
176377803 95.48
177694951 10.66
177997415 10.21
178086232 83.40
178413405 40.10
179402170 97.41
179562451 88.61
179857085 36.53
180113039 52.37
180555424 68.96
180573512 3.60
180926984 48.75
181680711 47.77
181981681 81.78
182448805 87.53
183515747 16.76
183915566 71.16
183955469 83.89
184133837 5.19
186042797 80.86
186498296 88.38
187784573 99.07
188233249 12.99
188249202 49.22
189045380 66.86
189366312 83.17
189803282 21.66
190920913 51.12
191845828 44.36
192044509 23.56
192127134 86.36
195660950 4.80
195864305 22.23
195887476 72.20
197091147 13.42
198261500 13.90
198394207 58.44
198680830 76.64
199004032 63.84
199170296 2.33
199812954 50.04
200466766 50.53
200773114 65.00
201276327 28.03
201420352 73.31
201731636 86.73
202315672 50.42
202893322 24.52
203116402 7.18
203943547 27.56
205087480 18.64
205630865 89.71
205754647 78.46
206336536 16.81
206586221 1.82
206632592 54.84
206719156 50.80
207677155 50.97
207695850 19.62
207868182 1.44
208602262 44.69
208625439 87.56
208712145 28.51
208728261 44.63
209161197 88.74
209647949 51.50
209876364 87.61
210580582 3.57
210986091 76.27
211438603 58.70
211523509 73.65
211737696 25.32
212012391 41.03
213854845 74.23
214276525 6.90
215940676 70.41
217632947 83.27
217724721 23.93
217974552 26.21
219208673 98.93
219829391 90.84
220195573 90.17
220269342 46.00
220291279 61.12
220525551 19.69
220816705 78.58
221539998 14.27
221692871 27.39
222031040 18.28
222092171 84.50
223923209 15.06
223982294 10.06
224439135 67.52
224845222 0.20
225117311 9.97
225300719 19.59
225405672 33.83
226173957 90.48
226270485 35.92
226828421 72.61
226842775 33.87
227123835 30.65
227930067 8.55
228515727 2.40
229774041 87.20
229870505 39.69
230349906 71.87
231232295 20.29
231480951 61.27
232221180 46.00
232410660 97.61
233310870 37.02
234294975 72.61
235146258 66.65
235660588 48.35
237996890 84.55
238388147 23.61
239254519 10.36
240046784 70.09
240395608 25.88
240800286 47.93
241216606 25.40
241865359 38.81
241928107 95.17
241976830 54.26
242599816 44.45
242981306 43.82
243238975 99.71
244957818 47.66
246512889 77.47
247226629 55.97
251207296 28.09
252347037 90.68
252402383 56.43
253292375 56.58
254273801 48.16
254764682 71.95
254871176 3.01
255152911 10.57
255704588 2.56
256799908 58.72
256900422 10.23
257493912 76.66
258085528 10.95
259084746 9.40
259598762 32.64
259746453 1.59
259816256 91.80
261107152 17.82
261112750 73.68
262829267 75.29
264071604 26.65
264378849 84.39
265082332 74.33
265364065 82.22
266113679 72.86
266395004 71.72
267322479 39.68
267616521 5.68
268160207 65.82
268304753 60.05
269400110 82.81
269468915 39.16
269791974 71.40
270174414 52.79
272462926 8.17
272795837 71.48
274812019 12.22
276042756 15.11
276865434 72.23
276866531 24.07
277374082 95.71
278071199 31.08
278101856 53.07
278411670 19.11
278415955 78.11
280302745 47.31
280640046 32.49
280795161 58.55
281442772 56.97
282134467 16.80
282452290 55.47
282944164 88.29
283791523 44.61
284666339 50.91
284844363 71.65
286977317 45.96
287146920 70.18
287189965 58.85
287956651 40.53
288112029 84.52
288755949 36.57
288995408 37.76
289509623 6.93
290431213 61.99
291314061 91.01
291814023 37.52
293006937 65.27
295430219 78.08
295500598 61.09
295987573 18.98
296618973 34.63
296766874 19.23
297083482 16.38
297302958 11.23
297376839 54.43
298072369 99.18
298228830 26.51
298709584 26.36
298951874 33.72
299063763 97.00
299687235 38.17
300719766 31.58
301815610 19.95
302891735 41.42
303333829 49.64
303616809 9.78
304130045 38.42
304143391 0.64
304234185 11.75
304417234 36.23
304510805 62.21
305011501 8.57
306271307 38.29
306352526 0.10
306877477 84.31
306931034 57.31
307123304 55.26
307533866 85.67
307545496 18.82
308104421 82.17
309354829 90.03
310570155 18.14
310911330 75.46
311285252 36.59
311951505 95.95
313061235 4.34
313595648 35.85
314418659 75.80
314629297 31.52
314746843 51.27
315339590 93.68
316222236 51.61
317918278 35.49
318005108 38.07
320309153 24.76
320946919 53.08
321076854 13.01
322723851 40.21
323402575 48.55
324765467 57.81
328409739 95.22
329141930 17.77
330302481 96.11
330485150 22.95
332255512 69.23
333730650 75.25
334210535 22.27
334575254 35.19
334735182 13.20
335283962 69.93
335437791 89.01
336900114 14.45
337069752 0.17
338577013 55.27
339174174 22.19
339511720 69.00
339551569 90.43
339720690 4.91
343262210 50.15
343461836 19.03
344004083 26.44
344217146 88.38
344829901 38.88
344879194 92.44
345419319 39.79
345877290 95.40
346106194 54.21
346451102 32.36
347802515 98.58
348048945 52.21
349059121 40.77
349967638 37.67
349995724 15.22
350007746 52.76
350192445 77.22
350754449 7.15
350798434 66.10
351510518 5.16
352261177 59.99
352446640 89.93
352599456 23.06
352630336 24.66
353329858 83.90
353678548 2.79
353751498 93.77
355615505 18.73
355617882 21.12
355844919 56.77
356027394 93.55
356288018 80.77
356864071 62.60
357066210 91.39
357214551 26.79
357552360 76.01
358017210 6.10
358184988 97.14
358535102 47.71
359852725 65.10
360742818 55.84
361062801 25.71
361189033 1.48
362051036 74.88
362572083 13.81
364754746 48.71
365431748 71.55
365641547 37.49
365824281 83.45
365999633 42.10
366458375 79.68
367214856 43.48
367317429 66.64
371025281 94.65
371265977 82.91
372010359 62.35
372193763 20.64
372239228 86.72
372340149 58.24
372468251 9.39
372734934 48.26
372957457 31.45
373110371 50.96
373404476 5.37
373554342 47.52
373679354 62.37
373811328 11.60
374770873 47.99
375318738 57.14
375375461 7.27
375623945 24.69
375785477 34.99
376030429 81.16
378058398 47.47
378121085 15.09
378690723 27.87
379899559 29.69
380306167 26.84
380463359 65.33
381398995 37.04
382067865 14.64
382090457 52.08
382794480 99.82
383167370 12.71
383654901 2.00
385350342 75.81
385647898 39.79
385755811 25.71
385928430 64.57
385985896 54.24
387633996 68.08
388019926 13.77
388200409 34.16
388235594 77.11
389076912 22.56
389429030 37.40
390274309 23.64
390325325 67.24
391023666 35.81
391106876 4.04
391631799 51.25
391670899 3.77
392359282 52.23
394324197 32.76
394692397 18.30
396252154 3.18
396865504 70.85
397277953 49.35
398148861 1.62
398200702 34.01
399029262 57.92
399450558 67.23
400038901 92.89
400885484 63.36
401453601 41.67
401810852 7.83
402094387 41.39
402524812 46.21
402898045 7.11
402935289 21.71
402945825 7.23
403224836 13.06
403454171 58.05
404158424 56.46
404473163 51.73
405407273 43.19
405715689 47.37
405722036 72.14
405975477 28.07
406073127 42.62
406278998 45.12
407192676 35.77
407324581 51.70
407620363 43.98
407784981 70.29
408599075 93.58
408894522 97.93
409641559 87.70
410907408 85.38
411200660 39.61
412528947 86.52
412746594 29.35
413139359 33.49
413586953 47.66
414409694 87.76
415459852 35.54
419246859 7.93
420181554 41.29
420767541 94.03
422612618 74.84
422645253 39.29
423222124 65.91
423848211 25.65
423891892 91.32
424130846 17.16
425586172 56.81
426184114 86.40
426594865 97.56
427526775 55.97
427933161 5.11
428683103 38.23
430702168 45.73
430870399 56.96
432899211 6.28
432988808 74.07
435677748 54.00
437014880 28.07
438708259 62.49
438825612 44.73
439323003 4.22
440601890 77.61
440701878 24.30
440746776 31.16
442170383 58.48
443875698 76.42
444466302 8.35
446697807 97.24
447581019 19.26
447762471 83.96
448555702 99.31
449704334 51.32
450670442 31.12
451382666 36.45
452575632 67.37
452757238 51.32
453292359 91.91
453483573 55.95
454038207 46.45
454370659 44.68
456072421 9.91
456106247 45.73
456226201 78.04
456295988 42.66
457586158 49.86
457922372 63.90
458019792 6.83
461528251 89.80
461557981 10.90
464127634 61.21
465151731 52.24
465467390 87.43
466674930 70.53
467063556 32.94
467920332 19.97
468199356 10.71
468215558 80.85
473241118 27.72
473380620 92.39
473466409 13.15
474998301 63.95
475407566 23.09
478625429 45.75
480367794 20.72
481305274 29.03
483737260 23.12
484201715 29.09
484606931 72.80
485686892 89.84
486594480 49.71
487107014 93.21
488428171 85.50
489831542 48.30
494278370 53.81
496729647 86.27
500404993 30.86
502240994 8.35
502517828 25.79
505162139 9.69
505486333 85.86
505627231 76.25
505924088 59.30
507020970 88.81
507321284 89.85
507596376 29.35
507653898 15.42
508129873 24.26
509618511 75.28
510953532 90.05
511164551 80.44
511916947 57.34
512821243 30.77
514416321 52.59
514529313 81.56
516879856 50.64
519960889 91.67
520505293 26.07
521332971 12.24
521707299 9.79
522205375 33.70
525579865 83.31
527437157 39.17
527832178 9.23
528659882 65.22
529887123 95.39
530042704 57.59
530664423 87.57
537899155 52.49
538782004 28.63
539663803 31.27
539835914 90.57
540135442 52.12
541652424 79.22
541874334 56.45
543156526 1.19
545206319 27.18
546133316 21.21
547145797 11.12
549221549 66.24
552144165 98.55
552481215 19.11
552527862 43.93
552797200 8.65
553660279 40.89
555745069 12.67
557427781 44.40
557688807 11.28
557758563 65.73
558755350 65.06
559661784 72.15
561695139 63.48
561978683 30.62
562547156 41.85
563314325 16.86
563487725 81.92
564350732 49.59
566025398 90.10
568739650 21.40
569393688 5.71
569628343 98.62
570368024 1.94
572269060 75.41
572842846 6.08
573200231 93.62
573959211 79.87
574747316 31.93
574895416 62.46
576227520 17.04
576367391 99.54
577605193 16.98
577791446 22.22
577873581 15.20
582118272 28.06
582474900 86.61
582620122 11.68
582818784 61.08
584075030 61.60
585272590 42.57
586003141 30.32
587385129 52.31
588467238 20.18
589635203 69.50
589919566 85.97
589928218 27.61
590671881 49.20
593105413 79.51
593135982 74.87
593937795 66.96
594011342 11.25
595912938 3.92
596006857 33.78
597300736 12.61
597552178 96.61
598150261 24.07
598999157 55.97
599037205 46.86
599342414 50.55
599518185 9.58
600543735 6.32
601507015 20.63
603472695 11.18
606138010 37.36
609823612 7.87
610119193 33.60
610130871 18.59
611923087 51.13
612580767 46.38
613816663 58.87
614220649 40.01
616960492 87.15
617693022 85.43
618034469 9.78
619671349 57.27
619709687 88.46
619779774 10.55
620814192 52.05
622430896 19.22
623838838 29.99
624256781 0.59
628666494 88.05
628847724 77.68
629201890 47.89
629252240 72.39
629280911 7.36
631043571 62.98
634652802 59.52
634692016 56.50
636185654 57.52
637444605 23.86
637763749 46.53
638249600 78.22
639020806 51.82
642262350 40.15
642736696 26.49
644215452 46.24
645066304 86.59
645698928 19.92
645724351 63.53
645944433 72.33
647164913 17.70
650844852 7.80
651136872 99.79
651640789 20.57
651695964 46.35
654557790 39.83
654787412 36.43
655900131 90.53
655928116 29.48
656185517 42.61
656533202 51.15
656761665 54.62
656986084 19.48
658181033 33.21
658622779 74.02
658649708 31.05
659337722 25.21
659838616 33.91
660131765 13.40
660247001 91.45
660285304 76.66
660646538 65.63
661048475 7.81
662844788 23.14
664619901 54.47
668009980 47.31
670167489 1.42
670533745 37.93
670770128 55.80
670914015 7.42
672252925 9.95
673366892 51.88
675707280 70.11
677221039 7.60
677622464 97.94
678676141 99.57
679763639 60.20
679884123 69.61
680183909 29.69
680379063 26.00
680909090 81.54
681527539 59.09
681617777 23.28
681659527 45.78
682188377 82.93
684105069 60.32
686636021 70.03
688466186 54.53
690670997 19.31
691106593 29.62
692015551 45.39
692041989 43.58
692184029 69.91
692786525 26.75
692900004 5.81
694767263 78.89
696697083 79.24
696936371 40.46
697186123 86.16
697867149 43.63
697945704 46.01
700329246 57.02
702000564 99.17
703720690 1.88
704365199 47.16
705497438 27.66
706123691 87.02
707343386 97.44
708138709 78.76
708727113 93.16
713936908 43.54
715279662 7.15
715581467 0.56
716330135 12.50
716820077 18.56
717106153 38.94
719373726 76.59
720345638 71.14
720848132 91.84
721920332 54.08
722508420 21.89
724154016 67.50
724341736 31.43
727517702 25.30
727917628 78.71
730679203 86.62
733505968 77.83
733802978 75.59
734020949 88.62
734098539 3.45
734144831 99.89
735490623 60.16
738959566 25.48
739108061 43.66
740288405 31.51
741073219 1.67
742363599 3.57
742761232 36.00
744347430 96.22
744936844 24.85
745598282 27.16
746923398 8.58
748364312 23.39
749754528 25.34
750249527 61.39
751156314 97.19
751429660 86.47
751469887 1.89
751568503 56.54
753860949 35.77
753936203 39.08
754193936 51.45
754670303 7.26
755773613 27.20
758721739 88.74
760838861 99.76
761219760 85.28
763661071 32.12
763988503 18.95
765270186 16.06
766454291 15.18
768241523 86.84
769180030 3.04
770383639 2.97
771582010 88.71
771965536 94.12
772502427 18.61
775860332 27.27
776232577 35.01
776705288 63.37
776827131 79.91
777831392 34.42
778293743 21.11
781451856 97.74
782410359 5.19
782672332 34.36
783380372 98.34
786215857 59.95
787303550 30.70
788880876 37.41
789307091 83.05
789593277 91.13
790793544 1.12
791471627 28.58
792862805 13.87
796681329 48.45
797640852 23.77
797871258 87.25
799060370 12.86
802857550 61.36
803859863 15.51
805029215 77.92
806623515 41.28
807499505 25.29
808366134 6.03
808478507 99.67
808811133 42.08
809969633 8.85
810519752 63.30
810591449 78.09
812257344 40.16
813581597 77.17
814551453 19.80
815268469 80.10
815770159 72.52
816200098 10.84
817468147 41.57
817704969 42.17
817822015 26.92
817883954 78.18
817990350 53.90
818773974 84.29
819207703 7.91
819232354 1.48
819725719 11.15
820107551 5.98
820832612 89.43
821315396 86.90
821323171 31.15
822909432 43.31
824699497 57.28
824844143 74.03
825407710 33.84
825414322 12.68
825981956 76.71
829907644 28.30
830358566 79.43
830775489 18.63
832983262 70.28
833907336 32.17
834395036 25.29
836390409 18.35
836999962 8.71
837600024 46.70
844235977 70.97
844565139 55.37
845283121 71.29
846189049 34.96
846713802 25.79
847236204 84.05
849785739 2.10
849971250 62.93
850441324 90.70
851145629 13.23
852867437 9.68
853471634 17.12
853718812 50.64
853765338 75.46
857768372 32.80
858067759 32.95
858366860 65.08
858729630 9.57
859746806 88.13
862372230 33.94
864061847 89.02
864300639 87.52
864759741 51.25
865266058 3.56
866958321 35.39
867140288 92.61
871987246 37.81
873247245 5.04
878740283 33.49
878814601 59.75
878873994 4.79
885062622 62.19
885667579 2.83
886792815 89.12
887252699 83.59
888591480 5.09
889721359 40.39
890144384 42.73
892198274 51.51
893161540 76.37
894836378 24.92
895121491 93.89
897290739 85.26
899203097 47.27
899334669 16.84
900418689 66.48
900949590 15.20
901112896 18.15
901670047 40.84
901799296 83.80
904153322 40.69
904466598 65.07
904887627 99.69
905730813 15.42
906155746 95.32
906591564 80.70
906596316 49.34
908625267 60.39
908878229 10.79
911487868 8.12
915190289 47.96
915656250 67.35
916139901 45.04
922321264 73.89
923835110 33.47
925653524 63.87
927128109 27.18
928849089 61.67
929376744 91.64
930186480 2.34
930573926 42.15
932229840 34.02
932515026 35.63
934617047 21.58
934887896 40.07
935173849 87.84
939566389 9.19
941574494 33.02
941678952 89.08
942518597 68.94
943474703 49.07
946920014 84.15
948466375 3.31
949763829 32.39
950170596 52.67
951712472 14.35
954124927 33.27
955662160 45.94
957071971 79.54
957139069 40.40
958208177 93.73
960023336 56.28
961243130 69.16
963108485 73.43
963114394 99.06
964526647 59.60
964697829 45.40
966037224 98.35
966322709 89.36
968449273 80.85
969192663 19.33
975923888 8.64
976691239 72.39
977625801 15.97
977911490 93.26
978079935 7.94
978788675 20.92
978876197 6.99
978925020 88.60
979816099 80.84
980923776 26.00
981988411 38.69
982554930 41.14
983878692 19.31
986565377 1.39
986723074 99.71
987522981 50.38
991534051 18.24
992563719 27.24
992674331 49.61
993379505 61.44
994368369 42.16
994532145 38.01
994981995 81.63
995496527 28.99
996099669 59.05
999000789 58.64
999594223 28.67
999621595 40.71
999953388 17.28
1000046932 20.89
1003189953 48.61
1003636949 56.92
1004377969 69.50
1005218912 4.22
1007380308 9.95
1010119440 59.32
1011843980 86.54
1012734500 27.65
1013349015 17.82
1014734856 13.52
1014999203 40.87
1015532979 27.31
1016817281 99.75
1016837657 57.60
1020406326 35.27
1020635719 80.31
1020912705 7.92
1022642412 89.30
1023411793 35.15
1024160886 76.84
1026070726 38.59
1026634533 35.20
1027673382 94.87
1028360549 33.74
1029840320 44.54
1030161996 20.45
1031676984 15.97
1032033803 75.89
1034249524 84.37
1035852398 79.91
1036249026 1.99
1036990564 11.30
1037528334 32.85
1038278783 13.93
1038401029 62.68
1038790967 32.93
1038938445 87.45
1041268233 0.15
1041595113 48.81
1044737242 58.09
1044926006 87.10
1045170126 62.56
1045328388 83.96
1047175379 50.75
1047721027 64.23
1048575829 81.08
1050519459 28.13
1050761011 99.83
1051679087 77.86
1052079880 47.96
1053299494 8.24
1053354914 47.64
1053357766 83.28
1057812184 40.09
1057963180 1.34
1058470412 37.70
1061423834 97.96
1062329783 91.10
1063286966 82.62
1064921612 61.73
1065377602 55.15
1065388612 5.85
1068722384 17.67
1070300874 94.33
1070938932 20.04
1071907318 63.30
1074606320 63.57
1074739464 39.18
1076554176 74.44
1076901139 36.44
1083745248 3.16
1083832974 75.51
1086066359 72.47
1086086363 8.28
1086256498 61.26
1086568332 28.70
1090360676 90.68
1091481304 10.41
1091513995 86.78
1091786280 53.79
1094052516 81.85
1094244205 15.61
1094989658 82.50
1095019155 6.82
1097442046 40.73
1097709638 18.76
1097721996 27.82
1098720690 73.11
1098767046 89.56
1099084978 47.86
1099381441 74.86
1101052928 20.84
1101670621 1.00
1102826761 22.57
1103095502 49.50
1105348224 16.05
1107013168 80.02
1107147270 66.69
1107704732 22.68
1108352019 66.42
1108842796 10.93
1109513637 75.45
1109893661 99.72
1110628092 99.07
1114789783 38.40
1115656776 96.62
1117224719 38.99
1118127394 70.95
1121252563 13.03
1122550288 89.08
1122780468 68.74
1122935480 99.11
1125363301 81.65
1125737871 52.14
1127566467 71.28
1129343116 58.13
1130146832 87.43
1130178258 18.78
1131078803 61.64
1134129763 33.56
1135724669 47.34
1136223722 39.17
1138529181 76.84
1139147810 70.52
1141130103 7.98
1141582257 84.88
1143730000 30.90
1144128886 91.51
1144926587 79.76
1145192287 5.82
1146332828 3.46
1148823933 91.41
1149212967 26.38
1149647114 3.26
1149882541 46.21
1149952181 41.01
1150537153 2.70
1152544280 54.07
1154079395 94.48
1157151899 66.48
1157460901 59.68
1157751867 42.36
1158495762 56.19
1159377712 37.40
1162715199 29.27
1163594549 28.48
1164129167 29.86
1164206454 19.48
1165240530 81.04
1165275879 87.47
1167280615 83.47
1167727106 79.96
1167795736 24.06
1168257423 12.27
1169508660 86.63
1169580114 23.94
1169959664 83.03
1170871233 29.57
1171274476 71.17
1171338059 29.51
1174258184 99.45
1174748332 64.40
1176329037 79.64
1176579082 69.85
1176836769 51.00
1177432629 58.85
1178993026 45.00
1179774262 60.70
1179903672 62.93
1181580284 67.66
1181968168 22.13
1184050259 72.98
1184763973 66.14
1189047456 50.44
1191055146 25.22
1191522205 85.47
1192989596 89.67
1194889784 39.78
1196430072 6.30
1198071785 36.10
1198704554 39.58
1200758412 70.12
1203342984 56.76
1203947635 67.98
1203959033 29.84
1204042997 22.85
1205101050 98.80
1205109366 68.92
1205973524 48.69
1212504293 34.55
1213549125 57.03
1214263235 5.91
1214380763 0.40
1214452586 92.01
1214853407 68.07
1215680701 15.36
1215868418 75.08
1217037565 83.14
1217492003 31.92
1219156723 48.21
1222257526 33.14
1222914305 97.32
1223101792 64.47
1223730036 51.20
1224265209 31.43
1226153608 4.31
1226922518 89.19
1227216733 31.30
1230497868 42.53
1232302411 73.96
1233497325 41.71
1234547120 59.13
1239168751 68.38
1239459882 82.61
1240394216 42.70
1240819374 1.88
1241928369 99.77
1242940407 34.67
1243369235 10.75
1243775154 7.67
1243998873 23.53
1244598201 98.14
1245358317 75.44
1245951787 95.99
1246786661 50.35
1248178715 64.96
1248309393 79.95
1248830228 72.52
1249173174 97.33
1251606852 65.86
1251979789 78.04
1253796014 3.21
1260127500 31.73
1260662829 30.88
1262280466 7.36
1263317937 66.57
1263520399 18.44
1263677122 16.58
1263722708 19.13
1265157334 9.78
1268069471 36.56
1269102151 72.40
1270198854 17.38
1270594520 92.59
1270802692 24.16
1270885152 39.89
1271237901 54.91
1271423427 73.26
1272123181 9.22
1277711986 97.36
1277783724 66.55
1278093778 69.39
1278523987 50.14
1282690194 93.59
1283214299 75.06
1283831314 3.76
1285660562 68.07
1286400833 32.69
1287257800 21.09
1288064141 34.14
1288458933 16.17
1288661667 46.61
1291661163 0.52
1293776908 42.68
1293943959 67.78
1294381082 84.51
1294569633 14.61
1296902157 30.36
1298085372 47.18
1303120788 91.97
1303800228 53.95
1304114587 98.14
1306001003 88.21
1307500176 93.15
1308287541 73.41
1309463873 64.42
1310123342 36.90
1310761264 5.09
1311034655 57.52
1311600233 69.63
1312570868 38.79
1313907699 23.79
1315187997 43.95
1315644030 0.85
1315875293 0.32
1321319025 69.35
1321671554 45.44
1322655159 46.03
1323621866 99.76
1326338758 72.33
1326514726 77.62
1326584028 28.29
1327360055 67.36
1328425342 61.69
1328495725 96.03
1328862505 1.22
1329206025 34.68
1329291160 37.66
1330148975 49.42
1332346510 36.88
1333535176 3.27
1333757545 88.16
1334026194 52.65
1334064421 64.54
1334192693 3.11
1334441359 24.79
1335333718 46.63
1336209328 64.04
1336766034 59.11
1336827620 18.13
1336834810 41.43
1337856742 60.91
1337960164 59.98
1340075404 63.26
1341404060 76.01
1342157565 42.54
1342272444 19.60
1342643796 40.83
1343284589 37.99
1346978535 21.05
1347016095 93.78
1347390504 5.00
1349301002 56.81
1350320103 70.12
1353041744 7.12
1353280132 5.34
1353667082 82.43
1354791808 53.02
1355874900 33.70
1356252769 67.12
1358247811 92.54
1358408663 51.71
1361983155 0.99
1361983585 71.09
1362180382 6.41
1362764205 55.67
1363025887 76.47
1364024282 32.36
1365646714 4.49
1366321829 0.19
1366416262 18.03
1366875446 63.50
1369012667 76.98
1370411926 35.94
1371565905 58.24
1372138531 64.18
1372583360 28.33
1374100664 73.97
1374612647 10.90
1375955747 63.20
1378602882 76.78
1380482659 50.12
1384267288 88.52
1384788852 4.12
1385286375 48.85
1385539530 36.76
1386031211 16.55
1387368640 7.41
1388484753 27.56
1389596743 58.63
1389888593 15.19
1391279176 98.83
1393403216 81.64
1394407150 77.26
1396932724 6.51
1396974348 15.72
1397139062 61.23
1397399499 34.88
1397494567 77.17
1397506145 91.63
1398320430 52.76
1399349802 13.04
1400544103 17.41
1400735692 44.17
1400739372 41.77
1401456104 70.19
1401599603 10.65
1401683714 9.95
1401755790 23.27
1401901447 58.79
1402411121 22.09
1403397826 39.68
1406379935 60.50
1407909534 26.79
1408361337 11.12
1409593078 92.76
1409690452 4.47
1410247588 69.64
1410991911 53.90
1413155016 91.26
1415818203 64.48
1416209746 87.08
1417633326 76.51
1417634882 93.43
1418780904 82.74
1419363713 9.02
1419680973 24.28
1424949749 74.86
1425895872 12.18
1426639077 57.71
1426950110 1.08
1427054163 52.32
1427258604 78.25
1428356571 0.18
1428938279 81.39
1428942891 20.23
1429059183 80.20
1430879615 75.86
1431093324 74.55
1431560330 63.56
1431680830 62.09
1434363898 34.98
1434841913 70.15
1436061780 52.14
1436218039 65.80
1437240707 84.80
1438091538 95.68
1440269392 97.47
1440931466 92.30
1442014258 51.98
1442421500 5.51
1442517592 51.48
1442977783 6.97
1443464243 93.29
1444000933 35.71
1444179136 77.45
1445829357 46.81
1445873966 81.44
1447247844 55.73
1448717173 43.12
1449065753 10.78
1449477034 62.57
1449823348 83.61
1449942260 86.98
1450934811 41.79
1451054236 65.07
1451098847 35.84
1451647593 93.71
1453612203 49.36
1453776559 25.81
1455266169 40.87
1455606856 95.55
1456251269 6.11
1456967706 90.35
1457820780 82.24
1457971288 25.33
1463494197 72.75
1463888027 71.44
1463926010 37.78
1465647428 86.93
1465820264 60.51
1466216540 58.42
1466936951 52.84
1468366749 1.53
1469522824 62.08
1469806361 52.73
1469993635 57.44
1470520246 22.33
1472505536 29.11
1473045462 46.05
1476186261 22.23
1476993496 89.86
1478634106 38.45
1478775737 24.15
1480652691 35.88
1480995778 95.03
1482985243 94.06
1487614249 19.56
1488067699 15.18
1488606551 24.94
1488939026 25.25
1490838326 29.20
1490986672 4.95
1494644320 46.68
1494801959 96.94
1495966280 99.18
1496109018 1.90
1497187804 73.16
1497601121 51.94
1498174945 69.27
1498407362 21.52
1498650087 75.80
1498743380 93.84
1500564811 91.43
1500777559 74.85
1500817707 49.21
1503091657 69.25
1503260753 61.03
1503713229 92.94
1504628136 57.14
1505549615 77.38
1506032990 67.75
1506594944 94.18
1508160242 91.40
1508712623 20.19
1509340899 85.16
1509995009 70.51
1510383149 50.90
1510977288 10.28
1511521870 61.14
1512477928 37.44
1513188284 88.01
1516768394 54.55
1516990900 65.03
1519506774 78.81
1519842491 62.06
1520401205 41.69
1520648356 37.32
1521032677 58.38
1521149565 88.07
1521184989 99.75
1521427109 35.21
1521478626 97.40
1521808129 57.20
1522530836 40.34
1522780495 55.53
1523020675 35.19
1523754192 18.56
1524165856 77.63
1528659820 30.66
1529736298 59.89
1531838654 49.29
1532532922 53.23
1532569365 28.24
1535128105 30.64
1535539597 81.67
1535614532 70.65
1536803893 45.69
1537088731 95.41
1539013513 59.10
1539026345 33.34
1539189193 23.76
1539696968 22.13
1539717315 42.42
1540225872 71.53
1541566296 68.51
1542298835 79.42
1543468152 59.38
1543667562 25.14
1544178148 68.28
1544685943 28.05
1546029635 77.79
1546284580 11.00
1547831119 83.09
1549531587 29.27
1549663467 64.40
1550856456 97.40
1553003197 37.28
1553533654 99.39
1554007327 74.62
1554371434 28.70
1555642217 62.81
1556426698 65.66
1557451232 3.28
1557728381 62.77
1558016673 26.27
1559489779 14.05
1563238226 43.71
1563265103 61.10
1563937602 85.68
1566296110 32.31
1568040737 81.62
1568112841 0.90
1569962929 44.01
1571512879 2.87
1576207450 37.92
1577837928 1.27
1578421984 10.84
1582103557 27.32
1583973607 20.24
1584725614 17.91
1586813686 95.43
1587607679 43.65
1589211373 56.59
1589427839 24.27
1589813721 2.60
1590237862 71.06
1590351921 30.72
1590575158 0.37
1591311995 76.14
1591557421 51.02
1592143176 47.99
1592490232 40.50
1594535261 81.01
1594698611 79.04
1595995306 42.99
1597474394 25.51
1597739104 62.27
1597882637 17.11
1598167274 84.76
1598856873 69.87
1600291049 29.02
1600528749 95.08
1600978608 87.80
1601579002 25.03
1604222489 19.25
1606242066 42.12
1607425665 97.82
1607929217 36.58
1608425333 6.82
1609132303 72.37
1609179391 16.06
1612248529 64.44
1613087696 43.31
1613192758 77.18
1613373780 8.25
1613884954 76.55
1614213141 56.23
1617158927 70.44
1618324599 35.25
1620886057 51.91
1620937160 96.65
1621358333 33.35
1625591915 56.58
1625990198 70.98
1628594056 55.64
1629312160 76.10
1629360990 34.20
1630775822 10.80
1632266273 9.20
1633558276 88.71
1634321610 15.27
1634542949 88.06
1636290090 65.35
1636290543 1.06
1636403802 4.72
1636864401 69.24
1637619081 18.02
1637709276 55.20
1639582467 55.99
1640251847 33.77
1640508980 4.14
1641963261 10.64
1642532413 4.93
1652809854 96.20
1653009193 28.99
1654368469 81.61
1654731112 81.21
1654824501 33.97
1655859162 16.48
1656337888 49.42
1656784673 94.96
1657991035 91.60
1659187327 59.81
1659949146 60.32
1660152831 61.80
1660267274 60.34
1661419128 33.89
1662060046 39.80
1662714267 80.92
1662717860 19.96
1665620612 46.26
1665792934 31.86
1667310108 64.87
1667916190 84.26
1672201020 22.38
1672243959 80.11
1673572212 97.12
1673858063 65.28
1674017449 33.83
1675194705 21.52
1676068410 65.58
1677142259 75.25
1677612162 26.58
1678150717 19.55
1681456227 37.03
1681463178 91.60
1682460592 70.82
1682520191 38.28
1684918943 30.46
1685074346 76.20
1686265846 16.50
1686818977 97.79
1687027901 81.53
1688360683 87.57
1689020155 64.26
1690367191 3.61
1691602657 9.53
1692431478 36.18
1693148950 36.40
1693342631 65.60
1693845420 66.95
1694779658 92.32
1695729959 89.63
1700285042 76.52
1701940636 22.46
1706836083 77.42
1707789405 50.67
1708267240 33.24
1708665620 50.43
1709451414 29.19
1710739682 67.25
1712161522 14.88
1712749975 28.24
1720725886 92.40
1722312786 37.76
1722839193 16.37
1723809031 97.27
1725005449 42.30
1726403232 29.94
1727164253 10.59
1727268797 84.20
1729314280 28.49
1729483838 5.08
1733192404 35.07
1733824061 44.71
1734529251 9.19
1735002037 42.80
1735157415 86.79
1736298925 44.26
